  0.20000000000000001       0.31433467834912054       -5.8176229121461018        1.7208386823285363E-002   2.6447505854245278E-002
  0.40000000000000002      -0.75849089669586611       -3.6573612536918376        6.2453691369138760E-002   9.6942379422111404E-003
  0.60000000000000009      -0.77737646291100848        3.2629785459863512        3.9109847733649235E-002  0.11648146534624601     
  0.80000000000000004       0.23648302254195053        5.5481504337068781       0.23472486352963251        7.1542488366847970E-002
   1.0000000000000000       0.89192196856222483       0.36820703173817115       0.10807803143777517        239260696321278.34     
   1.2000000000000000       0.33462177016306172       -5.0731254412667512        8.2858794998977525E-002  0.15103574070641088     
   1.3999999999999999      -0.64240324212103905       -3.5413625308088390       0.20594592377213936        4.1103277327210794E-002
   1.5999999999999999      -0.72379227080472286        2.6240867681608719       0.10534355169642641       0.28947455107800196     
   1.7999999999999998       0.15917795197916085        5.0355919684978421       0.48488932687623476       0.15731679511298602     
   1.9999999999999998       0.79209060721186830       0.65682388117272605       0.20790939278813170        46128342474552.023     
   2.1999999999999997       0.34577249917791181       -4.4016219415910331       0.11894331208970482       0.26340876948625869     
   2.3999999999999999      -0.53994400881163496       -3.3951564308318876       0.33259250106507343        8.0691585184144682E-002
   2.6000000000000001      -0.67004054129138302        2.0739752323080927       0.17178434328309636       0.43842856079731873     
   2.8000000000000003        9.5008388004383604E-002   4.5499655426351326       0.69254639798513840       0.23858414868013533     
   3.0000000000000004       0.70035695324073755       0.87748898044342694       0.29964304675926245        49560112154960.602     
   3.2000000000000006       0.34945510516429279       -3.7985874414315677       0.13086047539599893       0.36432382543814379     
   3.4000000000000008      -0.44992200178103348       -3.2270257881536155       0.44386582122586227       0.12621641378965545     
   3.6000000000000010      -0.61696741642974462        1.6031104330963952       0.23738633339041162       0.56592488710056477     
   3.8000000000000012        4.2303481365704942E-002   4.0931969802147421       0.86310305861568581       0.31502227124447479     
   4.0000000000000009       0.61647959428866872        1.0405280537387220       0.38352040571133128        27034447498736.273     
   4.2000000000000011       0.34711532434787401       -3.2593717615190947       0.12328878562162904       0.45455909472059985     
   4.4000000000000012      -0.37119751576941146       -3.0439196383605287       0.54117463742995930       0.17579616887271077     
   4.6000000000000014      -0.56523867187907417        1.2026776722272139       0.30132657804576074       0.67435029079979525     
   4.8000000000000016       -4.4499685364662867E-004   3.6663887476119443        1.0014400400681740       0.38644667011791572     
   5.0000000000000018       0.54014690347534289        1.1550619515750431       0.45985309652465711        19487351616176.777     
