  0.14285714285714285       0.59715900403716904       -5.6397739434796330        4.2231320773920888E-002  0.14807080701352973     
  0.28571428571428570      -0.44908311582299820       -6.7356835821661498        1.0181612032563323        9.9586260491367110E-002
  0.42857142857142855       -1.2304145379127918       -1.4895468443606577       0.36565710730645790       0.45361228856124436     
  0.57142857142857140      -0.94754552635009315        6.0497635405539762        5.1696190741985282E-002   1.2191423305573881     
  0.71428571428571419       0.29841659156975697        8.9566133403075394        2.3410719893362533       0.46214839954946763     
  0.85714285714285698        1.4577183460824683        3.6655201844069536        1.3379986997970996       0.25382173852875345     
  0.99999999999999978        1.3941353763428810       -6.0323035625695338       0.39413537634288098        474980203486107.44     
   1.1428571428571426       -2.9237158965748966E-002  -11.464852756655642        1.0468927621247175        1.3338635357615001     
   1.2857142857142854       -1.6552953408225262       -6.6814490862808729        6.4388297379136068        9.0732592442288276E-002
   1.4285714285714282       -1.9429672437244991        5.3456040500455817        1.1565309445685945        2.9608462628886230     
   1.5714285714285710      -0.39660266270428246        14.150071624694149       0.55980425424950819        4.1904545875693175     
   1.7142857142857137        1.7846039524687567        10.686592041491220        9.0199373638216045       0.74456380513663611     
   1.8571428571428565        2.5923483247843553       -3.6831682105156247        3.1578038919900839        1.7497708138997341     
   1.9999999999999993        1.0218772565291316       -16.819695594834755        2.1877256529131639E-002   662186704742522.12     
   2.1428571428571423       -1.7925904516477940       -15.807189394427333        3.8750918560395937        2.2178191655460435     
   2.2857142857142851       -3.3286314422421546       0.67039944513048866        13.958733918021824        1.1094413076140157     
   2.4285714285714279       -1.8919508875517752        19.173063940365527        1.0999070611135586        8.0329621168387177     
   2.5714285714285707        1.6092136266402757        22.119543084927304        2.7860923767396599        7.1137740447712954     
   2.7142857142857135        4.1208911329857338        4.1332832373342505        19.519116649917876       0.32525015418993070     
   2.8571428571428563        3.0512962786242550       -20.772667134319160        3.8938992578993536        5.2286256434609983     
   2.9999999999999991       -1.1454148295657278       -29.613206463147108        2.1454148295657278        601142688900448.25     
   3.1428571428571419       -4.9144528449967471       -11.223912167620032        8.8821703744725955        1.2848160279591392     
   3.2857142857142847       -4.5381257902516081        21.013942890255368        19.394152179599860        4.4304822367329892     
   3.4285714285714275       0.29200916436301050        38.142668791332781        1.3241057208145821        14.991292444386101     
   3.5714285714285703        5.6233285862368527        21.130372430320126        7.2414238566630189        6.7509316862115094     
   3.7142857142857131        6.3766459308338161       -19.096109880858346        29.656386693422128        4.1174000081328872     
   3.8571428571428559        1.0798558358889103       -47.366255524949700       0.73195428805680485        10.642197675069651     
   3.9999999999999987       -6.1217622966725251       -34.375328780209713        7.1217622966725251        676673533152354.38     
   4.1428571428571415       -8.5664267303489314        13.997818391109469        14.739481712147994        3.8494912770909382     
   4.2857142857142847       -3.1158305128654842        56.671633551677424        13.002415222099058        10.251525677069552     
   4.4285714285714279        6.2353014044282578        51.414555987636646        7.9206624408065514        19.859616055097650     
   4.5714285714285712        11.068402946202317       -4.4630253438460770        13.285000448429582        2.6371034002384124     
   4.7142857142857144        5.9720214305153752       -65.088426301248802        27.838020694663179        11.625549493944844     
   4.8571428571428577       -5.7321002449289233       -72.548990678122991        10.193574983649292        15.768566809693912     
   5.0000000000000009       -13.787116798749111       -10.995533414486431        14.787116798749111        297578438347268.75     
