   5.0000000000000003E-002  0.95105784920719483       -1.9414511832065375        1.4015066596554552E-006   8.2331381384072159E-005
  0.10000000000000001       0.80903525297347811       -3.6928647732823463        2.2568868957776870E-005   8.0929990112494011E-005
  0.15000000000000002       0.58783334849655555       -5.0828304778320827        8.1826149762742191E-005   7.3421115061934983E-005
  0.20000000000000001       0.30910245672629372       -5.9753155720986584        2.7656197847348744E-004   5.8362947652866560E-005
  0.25000000000000000        1.2303914619288259E-004  -6.2829781066777199        2009381746287.7625        3.2976984083141416E-005
  0.29999999999999999      -0.30886434562367160       -5.9757145192487631        4.9398173580875670E-004   8.3990269338669024E-006
  0.34999999999999998      -0.58761875801483909       -5.0836051488915448        2.8325698371058799E-004   7.8977078351638328E-005
  0.39999999999999997      -0.80885859195006482       -3.6939694461011490        1.9579616495559886E-004   2.1818288984809062E-004
  0.44999999999999996      -0.95093161698595208       -1.9428191660578238        1.3132690545866705E-004   6.2222932825254219E-004
  0.49999999999999994      -0.99993403198068376       -1.5461045235869442E-003   6.5968019316242632E-005   434327928746.88458     
  0.54999999999999993      -0.95107114341080601        1.9398526746745299        1.5379859557910234E-005   9.0562116503394669E-004
  0.59999999999999998      -0.80912650723620161        3.6913703092432870        1.3536534092064138E-004   4.8558685784033992E-004
  0.65000000000000002      -0.58799363063394050        5.0815863217737149        3.5451440922435129E-004   3.1817936865084990E-004
  0.70000000000000007      -0.30931607883671725        5.9744434876589816        9.6785764930063098E-004   2.0430227616803176E-004
  0.75000000000000011       -3.6909309235721999E-004   6.2825634408252347        523921699633.27258        9.8973104237589266E-005
  0.80000000000000016       0.30860994184321300        5.9757978497598714        1.3172496631082334E-003   2.2344005519586641E-005
  0.85000000000000020       0.58738090329152304        5.0841783135487963        6.8791960903002742E-004   1.9173365706610454E-004
  0.90000000000000024       0.80866056517231144        3.6949763421813291        4.4057072362525357E-004   4.9082070734519435E-004
  0.95000000000000029       0.95079279872979350        1.9441612418001917        2.7728905784474468E-004   1.3134469385837743E-003
   1.0000000000000002       0.99986800776261475        3.0920050602663007E-003   1.3199223738524779E-004   321339335993.88739     
   1.0500000000000003       0.95108437413457925       -1.9382542510387373        2.9291465805502400E-005   1.7288672240666182E-003
   1.1000000000000003       0.80921769695094059       -3.6898758027024319        2.4808202718793544E-004   8.9025523380573937E-004
   1.1500000000000004       0.58815385347259164       -5.0803419999769197        6.2710178365784817E-004   5.6297022735384949E-004
   1.2000000000000004       0.30952965270122162       -5.9735711304668762        1.6589971930618692E-003   3.5028724855121419E-004
   1.2500000000000004        6.1511456715301893E-004  -6.2821484219023143        260821516051.26605        1.6502541729704459E-004
   1.3000000000000005      -0.30835555158177119       -5.9758807814389954        2.1404738419553877E-003   3.6222241403778342E-005
   1.3500000000000005      -0.58714304181200094       -5.0847510726472480        1.0925937286959870E-003   3.0441045168805650E-004
   1.4000000000000006      -0.80846251202463393       -3.6959828656684737        6.8537787731369785E-004   7.6335763761631347E-004
   1.4500000000000006      -0.95065393707110524       -1.9455030143809482        4.2329684635098504E-004   2.0045084097047327E-003
   1.5000000000000007      -0.99980192735748918       -4.6377015366081409E-003   1.9807264251081591E-004   231723408567.53958     
   1.5500000000000007      -0.95109754138602742        1.9366559123917024        4.3136333301356975E-005   2.5520695108151490E-003
   1.6000000000000008      -0.80930882212028921        3.6883812537623824        3.6071893096647611E-004   1.2949350902272283E-003
   1.6500000000000008      -0.58831401700993047        5.0790975125443127        8.9958826867303856E-004   8.0779367098215244E-004
   1.7000000000000008      -0.30974317831230797        5.9726985006149285        2.3499805854821972E-003   4.9631784930746715E-004
   1.7500000000000009       -8.6110355889523760E-004   6.2817330499824555        175719492879.24377        2.3113391156413406E-004
   1.8000000000000009       0.30810117485407401        5.9759633143333470        2.9636542246826046E-003   5.0033742486115092E-005
   1.8500000000000010       0.58690517359260186        5.0853234262032068        1.4972793149244316E-003   4.1700746542375412E-004
   1.9000000000000010       0.80826443252336411        3.6969890165463895        9.3021760583491988E-004   1.0357936762797962E-003
   1.9500000000000011       0.95051503202462362        1.9468444837529859        5.6935025548363440E-004   2.6954137173604924E-003
   2.0000000000000009       0.99973579077700536        6.1831938792011876E-003   2.6420922299463800E-004   203356643797.19696     
   2.0500000000000007       0.95111064517266608       -1.9350576588259565        5.6914469946383407E-005   3.3752279776079618E-003
   2.1000000000000005       0.80939988274684471       -3.6868866625257302        4.7327605546143131E-004   1.6996263993162646E-003
   2.1500000000000004       0.58847412124338183       -5.0778528595785080        1.1719738598799068E-003   1.0526496793440122E-003
   2.2000000000000002       0.30995665566248104       -5.9718255981957311        3.0408078022876321E-003   6.4239406294006171E-004
   2.2500000000000000        1.1070600559019428E-003  -6.2813173251391667        2008851416809.7195        2.9729857533964668E-004
   2.2999999999999998      -0.30784681167484640       -5.9760454484901580        3.7867907636139177E-003   6.3778516668202049E-005
   2.3499999999999996      -0.58666729864965228       -5.0858953742330053        1.9019763399281346E-003   5.2952470148032800E-004
   2.3999999999999995      -0.80806632668483280       -3.6979947947989125        1.1750898889913944E-003   1.3081288189362847E-003
   2.4499999999999993      -0.95037608360508519       -1.9481856498692265        7.1544926974182247E-004   3.3861628372489341E-003
   2.4999999999999991      -0.99966959803286348       -7.7284820146596989E-003   3.3040196713651770E-004   207026521426.93008     
   2.5499999999999989      -0.95112368550201376        1.9334594904340079        7.0625883643592226E-005   4.1983425767780184E-003
   2.5999999999999988      -0.80949087883320825        3.6853920290950537        5.8575340388537854E-004   2.1043291332927291E-003
   2.6499999999999986      -0.58863416617037501        5.0766080411821140        1.4442585529039279E-003   1.2975382322534469E-003
   2.6999999999999984      -0.31017008474424973        5.9709524233018803        3.7314788192277107E-003   7.8851587395256640E-004
   2.7499999999999982       -1.3529840464950871E-003   6.2809012474459704        103217768723.44815        3.6351939692210979E-004
   2.7999999999999980       0.30759246205881058        5.9761271839566792        4.6098834111292725E-003   7.7456571859670781E-005
   2.8499999999999979       0.58642941699947804        5.0864669167529994        2.3066847759389227E-003   6.4196216307923994E-004
   2.8999999999999977       0.80786819452537106        3.6990002004099027        1.4199947066069849E-003   1.5803630612360056E-003
   2.9499999999999975       0.95023709182722793        1.9495265126826140        8.6159387363494500E-004   4.0767557451893439E-003
   2.9999999999999973       0.99960334913676607        9.2735658696190271E-003   3.9665086323392718E-004   79787296257.089050     
   3.0499999999999972       0.95113666238159233       -1.9318614073083511        8.4270582304282488E-005   5.0214132607089117E-003
   3.0999999999999970       0.80958181038198496       -3.6838973535729247        6.9815097946489800E-004   2.5090432643955865E-003
   3.1499999999999968       0.58879415178834349       -5.0753630574577384        1.7164423433881589E-003   1.5424593095295345E-003
   3.1999999999999966       0.31038346555012725       -5.9700789760259783        4.4219936121076371E-003   9.3468326685166756E-004
   3.2499999999999964        1.5988755190002868E-003  -6.2804848169763989        66930316045.744698        4.2979636460849566E-004
   3.2999999999999963      -0.30733812602068572       -5.9762085207801796        5.4329321195855486E-003   9.1067915969260835E-005
   3.3499999999999961      -0.58619152865840218       -5.0870380537795690        2.7114045951916383E-003   7.5431985344562216E-004
   3.3999999999999959      -0.80767003606130849       -3.7000052333632469        1.6649320384976010E-003   1.8524963988151002E-003
   3.4499999999999957      -0.95009805670578995       -1.9508670721461205        1.0077840516658637E-003   4.7671924169554710E-003
   3.4999999999999956      -0.99953704410041733       -1.0818445370738727E-002   4.6295589958267325E-004   58807038519.037155     
   3.5499999999999954      -0.95114957581892656        1.9302634095414599        9.7848573842788489E-005   5.8444399817953645E-003
   3.5999999999999952      -0.80967267739578375        3.6824026360618989        8.1046878542478376E-004   2.9137687648555207E-003
   3.6499999999999950      -0.58895407809472511        5.0741179085079837        1.9885252269739502E-003   1.7874128909878616E-003
   3.6999999999999948      -0.31059679807263108        5.9692052564606328        5.1123521567080802E-003   1.0808962261395947E-003
   3.7499999999999947       -1.8447344617470440E-003   6.2800680338040031        53209505859.445427        4.9612946669280820E-004
   3.7999999999999945       0.30708380357518822        5.9762894590079529        6.2559368413863097E-003   1.0461255691463012E-004
   3.8499999999999943       0.58595363364274677        5.0876087853291212        3.1161357699122714E-003   8.6659777580425361E-004
   3.8999999999999941       0.80747185130897536        3.7010098936428628        1.9099018644773706E-003   2.1245288273196920E-003
   3.9499999999999940       0.94995897825551134        1.9522073282127466        1.1540197883359222E-003   5.4574728283402884E-003
   3.9999999999999938       0.99947068293552443        1.2363120444703002E-002   5.2931706447556515E-004   49118146640.671204     
   4.0499999999999936       0.95116242582154520       -1.9286654972257915        1.1135986617414470E-004   6.6674226924072089E-003
   4.0999999999999934       0.80976347987721797       -3.6809078766645258        9.2270682499270905E-004   3.3185056069005856E-003
   4.1499999999999932       0.58911394508696191       -5.0728725944354540        2.2605071993090716E-003   2.0323989564434907E-003
   4.1999999999999931       0.31081008230428259       -5.9683312646984588        5.8025544288276883E-003   1.2271547363173882E-003
   4.2499999999999929        2.0905608630681360E-003  -6.2796508980023447        45997069471.661339        5.6251869146735486E-004
   4.2999999999999927      -0.30682949473703186       -5.9763699986873089        7.0788975289065512E-003   1.1809050261135533E-004
   4.3499999999999925      -0.58571573196883209       -5.0881791114180839        3.5208782723452751E-003   9.7879593339232564E-004
   4.3999999999999924      -0.80727364028470094       -3.7020141812326868        2.1549041643601505E-003   2.3964603423949292E-003
   4.4499999999999922      -0.94981985649113232       -1.9535472808355119        1.3003010681463475E-003   6.1475969551479832E-003
   4.4999999999999920      -0.99940426565379592       -1.3907591018213594E-002   5.9573434620407983E-004   43537653380.895027     
   4.5499999999999918      -0.95117521239697900        1.9270676704537870        1.2480446721665423E-004   7.4903613449345775E-003
   4.5999999999999917      -0.80985421782890388        3.6794130754833425        1.0348651014077444E-003   3.7232537627761055E-003
   4.6499999999999915      -0.58927375276249994        5.0716271153427481        2.5323882560439274E-003   2.2774174857099188E-003
   4.6999999999999913      -0.31102331823760737        5.9674570008320762        6.4926004042789431E-003   1.3734587818857908E-003
   4.7499999999999911       -2.3363547113002259E-003   6.2792334096449984        41549616106.314720        6.2896402722232290E-004
   4.7999999999999909       0.30657519952092738        5.9764501398655767        7.9018141345408074E-003   1.3150176097991814E-004
   4.8499999999999908       0.58547782365297629        5.0887490320629096        3.9256320747234359E-003   1.0909143294438785E-003
   4.8999999999999906       0.80707540300481384        3.7030180961166863        2.3999389179674676E-003   2.6682909397092013E-003
   4.9499999999999904       0.94968069142739364        1.9548869299674685        1.4466278755977831E-003   6.8375647731981739E-003
   4.9999999999999902       0.99933779226694219        1.5451857018000448E-002   6.6220773305780689E-004   39909255460.448654     
