  0.20000000000000001       0.21043164791285129       -7.8956835208714864       0.31902888273671154       0.32130639967764973     
  0.40000000000000002       -1.5348552257309791       -3.3230033893906610       0.89718539462427471       0.10022850476437799     
  0.60000000000000009      -0.98758279233635338        11.419466033478113       0.22071946473679141        2.0920552354955944     
  0.80000000000000004        2.0760745322539087        10.200658234656023        5.7183183127297328       0.70703333926026735     
   1.0000000000000000        2.4770034319432965       -14.245486150303700        1.4770034319432965        9256707889762622.0     
   1.2000000000000000       -2.3278573159911233       -22.555336304664912        8.5331045164674766        2.7745320120107761     
   1.3999999999999999       -5.0009221120429821        13.633668060992036        5.1814796806669472        4.6915959628420305     
   1.5999999999999999        1.6743813310773854        42.354653546390971        3.0696491454682286        10.468393343592439     
   1.7999999999999998        8.8232735320113207       -4.3076255408976323        27.552712933663500        1.7208613642577602     
   1.9999999999999998       0.99517088114745889       -70.572236168005915        4.8291188525411144E-003   4956245307860148.0     
   2.1999999999999997       -13.905031785126440       -22.708186280455564        45.997628085964088        2.8001107539485592     
   2.3999999999999999       -7.4676960089158451        105.01120926290881        8.2305799023238642        29.433944147229443     
   2.6000000000000001        19.430802275313376        81.060246130989782        25.017792469644899        20.948728399829445     
   2.8000000000000003        20.300904969260930       -136.36182414893855        64.695108485291783        23.819525433540154     
   3.0000000000000004       -23.000411942983948       -188.98436419263518        24.000411942983948        10673736643607430.     
   3.2000000000000006       -42.636887426363572        141.83568236465541        138.97586606071974        24.735550483459622     
   3.4000000000000008        19.394985989926667        366.49408580642978        24.973521106205368        100.23580957933757     
   3.6000000000000010        77.380136024392897       -76.014716841636357        96.647108234330375        21.582547598620639     
   3.8000000000000012        1.0802861710063070       -626.96496698120723        2.4958794845293055        105.91970974471391     
   4.0000000000000009       -125.16566699705912       -140.46286890372170        126.16566699705912        3649431691202547.0     
   4.2000000000000011       -54.431391349046677        958.71066131359089        177.14368251541231        161.43582913174046     
   4.4000000000000012        180.28804488294895        631.51610402461301        223.84827900585705        171.99597039165224     
   4.6000000000000014        164.24153118862765       -1290.6063705390361        204.01369727779698        350.45821225703031     
   4.8000000000000016       -223.55965804405437       -1568.3835766081011        724.45425045714649        263.46179338921627     
   5.0000000000000018       -360.72074257066413        1435.1187673650111        361.72074257066413        24212263240494920.     
