  0.16666666666666666       0.50179620150018089       -5.3771548966027529        3.5924030003615650E-003   1.1806376781374511E-002
  0.33333333333333331      -0.48059554988745556       -5.3964718039867190        3.8808900225088441E-002   8.2563870443858080E-003
  0.50000000000000000      -0.97618705703431985      -0.12369233838054061        2.3812942965680151E-002   160750406480992.03     
  0.66666666666666663      -0.50669446280706576        5.1870406681782928        1.3388925614130619E-002   4.6744865968448825E-002
  0.83333333333333326       0.45224312680503542        5.3274119160833431        9.5513746389927850E-002   2.0947957616292971E-002
  0.99999999999999989       0.95255362199739457       0.24149371956278731        4.7446378002605427E-002   33919914670447.746     
   1.1666666666666665       0.51088042312920534       -5.0008477416372195        2.1760846258407959E-002   8.0962712810195334E-002
   1.3333333333333333      -0.42478223427879092       -5.2564895698420075       0.15043553144241675        3.3981803887612259E-002
   1.5000000000000000      -0.92911387760942332      -0.35356662832998254        7.0886122390576678E-002   153164914298092.56     
   1.6666666666666667      -0.51438333052938656        4.8185708454158691        2.8766661058773468E-002  0.11446088609507279     
   1.8333333333333335       0.39819747772898262        5.1838593913761217       0.20360504454203582        4.7329509243572807E-002
   2.0000000000000000       0.90588115976690076       0.46007143451831389        9.4118840233099244E-002   149477063570387.97     
   2.1666666666666665       0.51723172007127460       -4.6402012157207411        3.4463440142546223E-002  0.14724099640060817     
   2.3333333333333330      -0.37247334469721971       -5.1096704205047079       0.25505331060555675        6.0963683697913502E-002
   2.4999999999999996      -0.88286798433445601      -0.56116633863443521       0.11713201566554399        21443361730001.629     
   2.6666666666666661      -0.51945341985629279        4.4657267678812982        3.8906839712575886E-002  0.17930526460282217     
   2.8333333333333326       0.34759422515627270        5.0340662291978262       0.30481154968744667        7.4857942125409083E-002
   2.9999999999999991       0.86008607346908916       0.65700732208191770       0.13991392653091084        13337128781210.785     
   3.1666666666666656       0.52107555745362388       -4.2951322628756348        4.2151114907237816E-002  0.21065649127275551     
   3.3333333333333321      -0.32354443096513907       -4.9571850397136323       0.35291113806971430        8.8986882551087068E-002
   3.4999999999999987      -0.83754638147349902      -0.74774810182907547       0.16245361852650098        14945697283447.621     
   3.6666666666666652      -0.52212456669884444        4.1283994690953403        4.4249133397672412E-002  0.24129802694791375     
   3.8333333333333317       0.30030821449068468        4.8791598423286873       0.39938357101861982       0.10332606451419193     
   3.9999999999999982       0.81525912017579949       0.83354008935414292       0.18474087982420051        11399178445307.562     
   4.1666666666666652       0.52262619483750217       -3.9655073194173207        4.5252389674987625E-002  0.27123374326620181     
   4.3333333333333321      -0.27786978641698012       -4.8001185125681154       0.44426042716603309       0.11785198752404535     
   4.4999999999999991      -0.79323378383350185      -0.91453235370735309       0.20676621616649815        17733829213099.293     
   4.6666666666666661      -0.52260550999071254        3.8064320636516737        4.5211019981414628E-002  0.30046800494960774     
   4.8333333333333330       0.25621333276324421        4.7201839278470432       0.48757333447350848       0.13254206962413306     
   5.0000000000000000       0.77147917356019258       0.99087158853306168       0.22852082643980742        128773546294452.00     
