   5.0000000000000003E-002  0.95065197799455325       -1.9739208802178716        4.2535674133873573E-004   1.6640738463052009E-002
  0.10000000000000001       0.80504313925406290       -3.7530235783677384        4.9119550621489491E-003   1.6208303471427019E-002
  0.15000000000000002       0.57766467378443254       -5.1569107502852249        1.7218156577710038E-002   1.4500118907569082E-002
  0.20000000000000001       0.29131252723648787       -6.0426917664473612        5.7292859165466371E-002   1.1216733950992838E-002
  0.25000000000000000       -2.5197758090408751E-002  -6.3195247603657254        411510618538381.44        5.7836036038305758E-003
  0.29999999999999999      -0.33993053658796163       -5.9579303325978952       0.10003832402662355        2.9677029878870036E-003
  0.34999999999999998      -0.62105215361799027       -4.9929222714432928        5.6597033007837590E-002   1.7760732470440500E-002
  0.39999999999999997      -0.84005057184688425       -3.5206236195897960        3.8359611340320100E-002   4.6718763973024449E-002
  0.44999999999999996      -0.97462691872118590       -1.6886944435298545        2.4783387761067161E-002  0.13026120584977577     
  0.49999999999999994       -1.0109657302655248       0.31847571231608773        1.0965730265524831E-002   89465423829074.391     
  0.54999999999999993      -0.94515278554582471        2.2983259300123415        6.2075498649933622E-003  0.18372108737136020     
  0.59999999999999998      -0.78359506858558292        4.0505649098273917        3.1423228394609558E-002   9.6773737005619795E-002
  0.65000000000000002      -0.54239795640629240        5.3974322110395763        7.7217479868985889E-002   6.1817022835296678E-002
  0.70000000000000007      -0.24576007956586648        6.2017302590541714       0.20470367636909942        3.7831095775524390E-002
  0.75000000000000011        7.6454207201318847E-002   6.3807980903375903        108525515677180.58        1.5535556948553653E-002
  0.80000000000000016       0.39172124781881873        5.9150037697881110       0.26763658617273578        1.0151266261009387E-002
  0.85000000000000020       0.66814076755086016        4.8498832832997412       0.13670896802018212        4.5900267456967625E-002
  0.90000000000000024       0.87766350641601121        3.2916941243181785        8.4851755301011439E-002  0.10870613206350459     
  0.95000000000000029       0.99893725460392524        1.3968172091163285        5.0344787600310900E-002  0.28058855184854681     
   1.0000000000000002        1.0194825374374865      -0.64393606214693544        1.9482537437486513E-002   66921619660721.562     
   1.0500000000000003       0.93697628763850593       -2.6245369588473606        1.4804828541101612E-002  0.35173158088871154     
   1.1000000000000003       0.75951151323517108       -4.3445383096867261        6.1192139947596334E-002  0.17637307969525418     
   1.1500000000000004       0.50480420688231531       -5.6293595723175756       0.14117578671209341       0.10744324112527295     
   1.2000000000000004       0.19842513915676591       -6.3480053766530995       0.35788276124384555        6.2309565370481552E-002
   1.2500000000000004      -0.12876701780943101       -6.4264193929770048        54599924299910.086        2.2796412773907811E-002
   1.3000000000000005      -0.44373358982984568       -5.8551124022187233       0.43595206058937591        2.0173811750033376E-002
   1.3500000000000005      -0.71459183498530265       -4.6902791883305044       0.21573624414402517        7.7298595092454014E-002
   1.4000000000000006      -0.91384210080406059       -3.0482754438223889       0.12957095729503143       0.17461674497989266     
   1.4500000000000006       -1.0211595728951974       -1.0939970761426785        7.3710715818582170E-002  0.43655188690067259     
   1.5000000000000007       -1.0254672216280265       0.97567771861689878        2.5467221628026504E-002   48749874228793.289     
   1.5500000000000007      -0.92607855667841732        2.9517211138389374        2.6263380975545599E-002  0.52024326961825151     
   1.6000000000000008      -0.73279235599273151        4.6340653151088294        9.4218834600755266E-002  0.25476846966429278     
   1.6500000000000008      -0.46492723692833748        5.8518574903222618       0.20901854016405330       0.15121443965919062     
   1.7000000000000008      -0.14939112289335321        6.4808094788719472       0.51656017108207664        8.4533722367320471E-002
   1.7500000000000009       0.18202150747020374        6.4558806068938503        37143879682290.430        2.7485310598261516E-002
   1.8000000000000009       0.49583313645879207        5.7779996143961467       0.60454973507755638        3.3078282880064917E-002
   1.8500000000000010       0.76026473264960126        4.5141313811175356       0.29343961877985308       0.11195150649934142     
   1.9000000000000010       0.94845374094872037        2.7906654961163637       0.17235329732658858       0.24436993529412612     
   1.9500000000000011        1.0411826996750528       0.78077903062474086        9.4764277238732444E-002  0.59787052347143421     
   2.0000000000000009        1.0288413444310349       -1.3129631411701204        2.8841344431034921E-002   43181530942218.453     
   2.0500000000000007       0.91242190206743268       -3.2790224193911639        4.0622837408465319E-002  0.68881529512912487     
   2.1000000000000005       0.70344456499639918       -4.9182577929417066       0.13049469926167961       0.33171942660006154     
   2.1500000000000004       0.42281807747625960       -6.0640954140693291       0.28065892121792740       0.19296722719118406     
   2.2000000000000002        9.8748070981193925E-002  -6.5994537317966735       0.68044452965788083       0.10438829357195781     
   2.2500000000000000      -0.23609763758841512       -6.4687046230070582        428418558908932.50        2.9526316152968655E-002
   2.2999999999999998      -0.54788191732362090       -5.6834487883182856       0.77298312810216985        4.8900929679580402E-002
   2.3499999999999996      -0.80501746782706274       -4.3215062759466285       0.36957751948921080       0.14984593623902298     
   2.3999999999999995      -0.98136676190729522       -2.5192077004605800       0.21303602857627169       0.31787271518006399     
   2.4499999999999993       -1.0588986383683090      -0.45774944094134939       0.11339191754161686       0.76424246061053402     
   2.4999999999999991       -1.0295315571076395        1.6550217208526834        2.9531557107639550E-002   44333853544057.500     
   2.5499999999999989      -0.89597512512955568        3.6055635099705405        5.7916002069119427E-002  0.85699578239800789     
   2.5999999999999988      -0.67148234943980234        5.1962200901875288       0.17000217040114118       0.40698343403700005     
   2.6499999999999986      -0.37853501917400140        6.2652499370887895       0.35599775990016996       0.23253961798945405     
   2.6999999999999984       -4.6592567863531054E-002   6.7032704235649412       0.84922328314734663       0.12176154046872160     
   2.7499999999999982       0.29087020437893585        6.4644473297631899        22190190314655.965        2.8848746889015293E-002
   2.7999999999999980       0.59973870162067477        5.5712848708241633       0.94079520718203469        6.7671046491653730E-002
   2.8499999999999979       0.84870702651678775        4.1125162366163135       0.44390663632114957       0.19095977939394046     
   2.8999999999999977        1.0124508253268756        2.2342911740449045       0.25145804397979765       0.39501972315750955     
   2.9499999999999975        1.0742029384214573       0.12553549971502376       0.12948381091591402       0.93534467140369026     
   2.9999999999999973        1.0274699231636708       -2.0010510386288853        2.7469923163670806E-002   17216511349717.516     
   3.0499999999999972       0.87671376285401093       -3.9304474630692270        7.8168596889227032E-002   1.0243227838514657     
   3.0999999999999970       0.63692729963875183       -5.4670512576423462       0.21271456092113611       0.48031654145281594     
   3.1499999999999968       0.33214363435819161       -6.4545071878130234       0.43492349788845563       0.26977150208853179     
   3.1999999999999966       -6.9723564097367019E-003  -6.7916152801655967        1.0225630193052628       0.13654564675876180     
   3.2499999999999964      -0.34620904842047906       -6.4426996199659561        14492611059249.600        2.5387491373857488E-002
   3.2999999999999963      -0.65125929767883828       -5.4413758677478485        1.1075193582676581        8.9410721934162607E-002
   3.3499999999999961      -0.89118973291312353       -3.8873204055620354       0.51618253339522402       0.23526172845703913     
   3.3999999999999959       -1.0415773026404003       -1.9363508106131349       0.28746034988442992       0.47569320280304977     
   3.4499999999999957       -1.0869950635199845       0.21519545784216243       0.14293424722474968        1.1108334540492750     
   3.4999999999999956       -1.0225942343134802        2.3502182402289442        2.2594234313480177E-002   12775345241144.457     
   3.5499999999999954      -0.85462031952448836        4.2527597298943087       0.10139901795357194        1.1903252737409020     
   3.5999999999999952      -0.59980851069557639        5.7298473425274636       0.25859590729737369       0.55147398504561096     
   3.6499999999999950      -0.28371677998434364        6.6310652531749508       0.51731218352658104       0.30450512207486069     
   3.6999999999999948        6.1837344576385789E-002   6.8638697752209952        1.2001098505972421       0.14863710489153018     
   3.7499999999999947       0.40197928269652167        6.4030893528743134        11594687171487.889        1.9083321569032315E-002
   3.7999999999999945       0.70229686785199563        5.2936342590561631        1.2726804047544999       0.11413460208297975     
   3.8499999999999943       0.93232161951568715        3.6461254275868069       0.58616027857028818       0.28271113095489669     
   3.8999999999999941        1.0686196630990135        1.6258672379110770       0.32088654568333935       0.55976301427184494     
   3.9499999999999940        1.0971787583445041      -0.56373676032582409       0.15364201763590685        1.2903448471820658     
   3.9999999999999938        1.0148483188175195       -2.7016615266997213        1.4848318817519468E-002   10733585233448.596     
   4.0499999999999936       0.82968448531333583       -4.5715701609967798       0.12761810565646983        1.3545241914149235     
   4.0999999999999934       0.56016268902467647       -5.9837037456452782       0.30760083790644649       0.62021082598228283     
   4.1499999999999932       0.23333458103779253       -6.7941366297158998       0.60302750004745731       0.33658555528424322     
   4.1999999999999931      -0.11788685048768716       -6.9194434273920553        1.3814898618314586       0.15793710052496837     
   4.2499999999999929      -0.45804153896527072       -6.3452832651908997        10077950305752.803        9.8831969734134995E-003
   4.2999999999999927      -0.75270225828054882       -5.1280183292187900        1.4357956746138141       0.14184966784065009     
   4.3499999999999925      -0.97195880713631033       -3.3891860636570459       0.65359508995088522       0.33325786869791085     
   4.3999999999999924       -1.0934538657162123       -1.3033666510891262       0.35158330828521500       0.64708667940730857     
   4.4499999999999922       -1.1046624128433642       0.91934333218216535       0.16151079764071322        1.4734951099090949     
   4.4999999999999920       -1.0041823411766717        3.0544917594984504        4.1823411766717111E-003   9562073209425.8730     
   4.5499999999999918      -0.80190334093188165        4.8859351237299640       0.15682892951968064        1.5164335318870221     
   4.5999999999999917      -0.51803424103083562        6.2277176383088646       0.35967446341340176       0.68628260483187853     
   4.6499999999999915      -0.18108439398942777        6.9429506962884737       0.69192082774593178       0.36586120024760105     
   4.6999999999999913       0.17499929748442922        6.9577760789226293        1.5663096226742261       0.16435189382945006     
   4.7499999999999911       0.51425223224736127        6.2689888245430101        9145436148400.0488        2.2594403861293552E-003
   4.7999999999999909       0.80232434300121880        4.9445334071458449        1.5963761139552655       0.17255502743852283     
   4.8499999999999908        1.0099578940245812        3.1168056904061534       0.71824299790720902       0.38684225951480639     
   4.8999999999999906        1.1159587541659892       0.96942051945329943       0.37940088023520097       0.73750946114428717     
   4.9499999999999904        1.1093594229809001       -1.2812327519833828       0.16644952636720053        1.6598812668598071     
   4.9999999999999902       0.99055309216451970       -3.4077941786328561        9.4469078354803004E-003   8801694726832.9785     
