  0.14285714285714285       0.62420581537522346       -4.8824632260141136        1.1483965164390869E-003   6.0925220975307304E-003
  0.28571428571428570      -0.21420202049570114       -6.0953238780673669        3.7384857742177105E-002   4.9511222122449123E-003
  0.42857142857142855      -0.88754068459403546       -2.7589031232769270        1.4904159052294736E-002   1.2006281853816908E-002
  0.57142857142857140      -0.89521329898593904        2.6112613805154443        6.3881995499798653E-003   4.2150882954853489E-002
  0.71428571428571419      -0.23585158502348968        6.0008105509200993        5.9907402104429713E-002   2.0380225241909265E-002
  0.85714285714285698       0.59492574305541557        4.8972775335236536        4.5813193284256870E-002   3.0768207328543159E-003
  0.99999999999999978       0.97702317717256371       0.15220605325470693        2.2976822827436294E-002   11984619374151.146     
   1.1428571428571426       0.62868751664651157       -4.6752718299316154        8.3364872565374736E-003   4.8269814253308771E-002
   1.2857142857142854      -0.18578027840916500       -5.9878755453840053       0.16511100728329980        2.2491837848613458E-002
   1.4285714285714282      -0.85651107720064990       -2.8306013597203710        4.9344424969169270E-002   3.8306250513974439E-002
   1.5714285714285710      -0.88471166238087662        2.4150060073594388        1.8044136818393293E-002  0.11414024307617579     
   1.7142857142857137      -0.25356813616854723        5.8270329511603061       0.13952486024673813        4.8749055034175245E-002
   1.8571428571428565       0.56237515652055847        4.8753049546291845        9.8020280614019073E-002   7.5497085890634513E-003
   1.9999999999999993       0.95398746980564630       0.29741768347161912        4.6012530194353696E-002   11709250898136.941     
   2.1428571428571423       0.63226743190436030       -4.4721588917859059        1.4078225529039741E-002   8.9616867725447455E-002
   2.2857142857142851      -0.15842583657516185       -5.8785700728141981       0.28804075302745641        4.0335727688169613E-002
   2.4285714285714279      -0.82591800447079733       -2.8959293044126233        8.3300173963112664E-002   6.2269502377135029E-002
   2.5714285714285707      -0.87369467227140674        2.2248583718017438        3.0272073323146288E-002  0.18388919512907564     
   2.7142857142857135      -0.27020763086404898        5.6545516421944955       0.21430207064065043        7.6906268064864891E-002
   2.8571428571428563       0.53065719266154643        4.8488828394794385       0.14889194485689081        1.2928374359531959E-002
   2.9999999999999991       0.93092119734790080       0.43578663768630488        6.9078802652099203E-002   8846389245001.7422     
   3.1428571428571419       0.63498200551234318       -4.2731679588615457        1.8432063554757551E-002  0.13012481773201778     
   3.2857142857142847      -0.13212133188725861       -5.7676125810911572       0.40625212406666678        5.8449306200123563E-002
   3.4285714285714275      -0.79577599640290653       -2.9550997696368562       0.11675527895254940        8.3974100121759071E-002
   3.5714285714285703      -0.86219771776406540        2.0407565773606224        4.3032730119323293E-002  0.25142044365427413     
   3.7142857142857131      -0.28579981419632683        5.4835007738900821       0.28437270649073126       0.10482996464862873     
   3.8571428571428559       0.49976987530518069        4.8182401544919591       0.19843135554858604        1.9166208080389824E-002
   3.9999999999999987       0.90785144350780755       0.56746548666109131        9.2148556492192446E-002   11170478637633.072     
   4.1428571428571415       0.63686701235161158       -4.0783360308121157        2.1455379788076410E-002  0.16978613237146689     
   4.2857142857142847      -0.10684900936057018       -5.6552008351554486       0.51982491057874691        7.6800288671452804E-002
   4.4285714285714279      -0.76609842866054434       -3.0083228894798295       0.14969489407094638       0.10349712402445847     
   4.5714285714285712      -0.85025513619895399        1.8626347633025993        5.6287995634670705E-002  0.31675814733842517     
   4.7142857142857144      -0.30037426500880215        5.3140068863945498       0.34986969391280054       0.13249948737098768     
   4.8571428571428577       0.46971039092173894        4.7836003043779565       0.24664302524043266        2.6217731966581091E-002
   5.0000000000000009       0.88480408147124046       0.69260741787130442       0.11519591852875954        18744432491683.281     
