  0.16666666666666666       0.45168864438392464       -6.5797362673929047        9.6622711232150910E-002  0.20919957615614515     
  0.33333333333333331      -0.89260007976676314       -5.9439843100448906       0.78520015953352706        9.2363434687170495E-002
  0.50000000000000000       -1.3938413716809808        3.1882429018756779       0.39384137168098077        4143436441955768.5     
  0.66666666666666663       -9.8208502681532472E-002   10.611201738556918       0.80358299463693528       0.95008737787212916     
  0.83333333333333326        1.7241739576496233        5.4391453754331511        2.4483479152992516        4.1399604129785546E-004
  0.99999999999999989        1.6853140268516831       -8.8878097192050944       0.68531402685168308        1248370963139023.8     
   1.1666666666666665      -0.72006441171766555       -15.103444548032018        2.4401288234353271        1.7756551332435957     
   1.3333333333333333       -2.8424856760031969       -2.0842204687906989        4.6849713520064036       0.61696967704204497     
   1.5000000000000000       -1.6312885798063905        17.761387373797774       0.63128857980639053        7694225520582835.0     
   1.6666666666666667        2.2233967017545693        18.756065616384443        5.4467934035091403        2.4469203129132957     
   1.8333333333333335        4.1302939782072841       -6.1574620630956751        7.2605879564145566        2.1315955859493765     
   2.0000000000000000       0.83936321074092302       -29.957500775530118       0.16063678925907698        9733182527453006.0     
   2.1666666666666665       -4.6137859651163797       -19.054251473656976        10.227571930232733        2.5017198060201213     
   2.3333333333333330       -5.2597033070038242        21.750905826778101        9.5194066140077016        4.9973009613003239     
   2.4999999999999996        1.2494027145274798        44.432097771839267        2.2494027145274798        1697845147417272.8     
   2.6666666666666661        7.9696906470543896        11.848733656340471        16.939381294108632        1.1775164129657414     
   2.8333333333333326        5.5746077072506512       -47.086524147427191        10.149215414501429        9.6533871158174911     
   2.9999999999999991       -5.3297670263109733       -57.947896768787437        6.3297670263109733        1176331733041664.0     
   3.1666666666666656       -12.065378037794451        8.8940544633799519        25.130756075588671        2.6345164077055148     
   3.3333333333333321       -3.9674518393076266        83.404348858722869        6.9349036786153455        16.327742509884434     
   3.4999999999999987        12.108671866831772        63.777584027947540        13.108671866831772        1274761463144844.5     
   3.6666666666666652        16.098946918810263       -50.864256960487680        33.197893837620015        10.347644868825340     
   3.8333333333333317       -1.2056646503151107       -128.90163218260744        3.4113293006302650        24.689064829767553     
   3.9999999999999982       -22.028190395250359       -50.290448073445305        23.028190395250359        687753113504016.62     
   4.1666666666666652       -18.331624803435840        122.22405893291017        37.663249606871091        23.461885135149913     
   4.3333333333333321        12.090489731999700        175.82447604991324        25.180979463999691        33.312371389571204     
   4.4999999999999991        34.765216258636912      -0.13431454368080153        35.765216258636912        2604512753227.4512     
   4.6666666666666661        15.680667646297550       -228.80662261486700        32.361335292594781        43.049234170481952     
   4.8333333333333330       -31.051657590286823       -206.52401080425201        63.103315180574022        38.954218251595428     
   5.0000000000000000       -48.446349590205791        111.02716713657279        49.446349590205791        14429076595454704.     
