  0.10000000000000001        10.000000000000000        4.2464556850053327E-002  -5.4130327133410171E-002  -8.7313508296959913E-002  0.95732223207509104        1.0544021110889370        1.0877519022973763     
  0.10000000000000001        3.1622776601683795        6.4931324780263958E-003  -6.5080306779570158E-003  -1.0846253715173629E-002  0.99347426603363809        1.0065407069689387        1.0109007118700282     
  0.10000000000000001        1.0000000000000000       0.38168797500102281       0.83726713484445936       0.96556372526458834       0.61639560082206202       0.15852901519210344        2.9588258060418347E-002
  0.10000000000000001       0.31622776601683800       0.89945296836028532       0.97850348238965101       0.99467642270419065        9.6030951680530219E-002   1.6583531470709019E-002   3.2938814255463586E-004
  0.10000000000000001       0.10000000000000001       0.97843395007255718       0.99334665397530608       0.99500085254360149        1.6653412903893175E-002   1.6658335317184154E-003   3.3293673934475921E-006
  0.10000000000000001        3.1622776601683798E-002  0.99118500418673161       0.99483833954198375       0.99500413211516880        3.8383367874916812E-003   1.6665833353132008E-004   3.3329364903468506E-008
  0.10000000000000001        1.0000000000000002E-002  0.99393953210456087       0.99498758195818904       0.99500416494636335        1.0699786097552199E-003   1.6666583332380188E-005   3.3332761390644030E-010
  0.10000000000000001        3.1622776601683794E-003  0.99468183199932503       0.99500250693857961       0.99500416527470981        3.2395168779078901E-004   1.6666658331369478E-006   3.3325519865752722E-012
  0.10000000000000001        1.0000000000000000E-003  0.99490366855867896       0.99500399944400797       0.99500416527799684        1.0100130517410783E-004   1.6666665681126713E-007   2.9010731459790767E-014
  0.10000000000000001        3.1622776601683794E-004  0.99497252884714882       0.99500414869462350       0.99500416527803437        3.1795274814805796E-005   1.6666666116287687E-008   8.7032194379372293E-015
  0.10000000000000001        1.0000000000000000E-004  0.99499417530304890       0.99500416361975041       0.99500416527807656        1.0040133825990688E-005   1.6666013597989313E-009   5.1103519263785269E-014
  0.10000000000000001        3.1622776601683795E-005  0.99500100760475718       0.99500416511211454       0.99500416527811109        3.1735276883444720E-006   1.6674420015328469E-010   8.5804817279150379E-014
  0.10000000000000001        1.0000000000000001E-005  0.99500316687803336       0.99500416526135382       0.99500416527742885        1.0034128772394435E-006   1.6755594273547690E-011   5.9985266279936601E-013
  0.10000000000000001        3.1622776601683796E-006  0.99500384957069032       0.99500416527800140       0.99500416528019564        3.1729247615483560E-007   2.4435962268054528E-014   2.1808259476215789E-012
  0.10000000000000001        1.0000000000000002E-006  0.99500406544605891       0.99500416527592550       0.99500416527361246        1.0033321496349090E-007   2.1107538731725459E-012   4.4354061009928564E-012
  0.10000000000000001        3.1622776601683792E-007  0.99500413371122010       0.99500416526483593       0.99500416526849311        3.1725299969042194E-008   1.3256007421605854E-011   9.5804593253867491E-012
  0.10000000000000001        9.9999999999999995E-008  0.99500415531861286       0.99500416531062008       0.99500416528749047        1.0009418249216452E-008   3.2758025326504663E-011   9.5122841064562399E-012
  0.10000000000000001        3.1622776601683792E-008  0.99500416199537223       0.99500416550620574       0.99500416568906169        3.2991354176446302E-009   2.2932570373939980E-010   4.1309976115826360E-010
  0.10000000000000001        1.0000000000000000E-008  0.99500416447795281       0.99500416517184220       0.99500416528749025        8.0408999755207505E-010   1.0671664515325863E-010   9.5120609469834729E-012
  0.10000000000000001        3.1622776601683795E-009  0.99500416572563277       0.99500416572563277       0.99500416609134457        4.4985446106229995E-010   4.4985446106229995E-010   8.1740246432029112E-010
  0.10000000000000001        1.0000000000000001E-009  0.99500416933517843       0.99500416239628453       0.99500416123980218        4.0775233576599038E-009   2.8962101663282607E-009   4.0584991241862004E-009
  0.10000000000000001        3.1622776601683795E-010  0.99500417230844551       0.99500417230844551       0.99500417230844551        7.0657189660250866E-009   7.0657189660250866E-009   7.0657189660250866E-009
  0.10000000000000001        1.0000000000000002E-010  0.99500421790743576       0.99500407912955768       0.99500400974061864        5.2893658025577054E-008   8.6581012454186230E-008   1.5631834769406787E-007
  0.10000000000000001        3.1622776601683794E-011  0.99500421619386392       0.99500399676677209       0.99500388705322629        5.1171482481216646E-008   1.6935733487158168E-007   2.7962174343640110E-007
  0.10000000000000001        1.0000000000000001E-011  0.99500407912955768       0.99500407912955768       0.99500454172248476        8.6581012454186230E-008   8.6581012454186230E-008   3.7833455596046440E-007
  0.10000000000000001        3.1622776601683794E-012  0.99500311905840499       0.99500311905840499       0.99500421619386392        1.0514726040596156E-006   1.0514726040596156E-006   5.1171482481216646E-008
  0.10000000000000001        9.9999999999999998E-013  0.99500269135077701       0.99500963024468092       0.99501078672699816        1.4813277171402394E-006   5.4924058068479251E-006   6.6546947274382329E-006
  0.10000000000000001        3.1622776601683797E-013  0.99501409041299416       0.99501409041299416       0.99500677617660138        9.9749682612371270E-006   9.9749682612371270E-006   2.6240076843726319E-006
  0.10000000000000001        1.0000000000000000E-013  0.99503738582029655       0.99503738582029655       0.99503738582029644        3.3387339902800585E-005   3.3387339902800585E-005   3.3387339902689007E-005
  0.10000000000000001        3.1622776601683796E-014  0.99488243415792255       0.99510186124970856       0.99524814597756606        1.2234232212399748E-004   9.8186495184726866E-005   2.4520570672402519E-004
  0.10000000000000001        1.0000000000000002E-014  0.99503738582029644       0.99573127521068716       0.99573127521068716        3.3387339902689007E-005   7.3076069230150551E-004   7.3076069230150551E-004
  0.10000000000000001        3.1622776601683798E-015  0.99619899670863876       0.99619899670863876       0.99693042034792567        1.2008305817284601E-003   1.2008305817284601E-003   1.9359266394243940E-003
  0.10000000000000001        1.0000000000000001E-015  0.99920072216264078       0.99226182825873355       0.99457479289336936        4.2176274542955880E-003   2.7561060696925767E-003   4.3152822836311426E-004
  0.10000000000000001        3.1622776601683798E-016   1.0093646222158015        1.0093646222158015        1.0166788586086695        1.4432559620253594E-002   1.4432559620253594E-002   2.1783520197211817E-002
  0.10000000000000001        1.0000000000000001E-016  0.97144514654701186       0.97144514654701186       0.99457479289336925        2.3677306641657070E-002   2.3677306641657070E-002   4.3152822836322582E-004
   10.000000000000000        10.000000000000000       -2.2200525660174598E-002   4.5647262536381385E-002   7.3630122840027110E-002  0.97354155767314587        1.0544021110889370        1.0877519022973765     
   10.000000000000000        3.1622776601683795       -5.4133490879237174E-003   5.4881209976685233E-003   9.1464769768065338E-003  0.99354840570757774        1.0065407069689387        1.0109007118700284     
   10.000000000000000        1.0000000000000000        3.7240964444674729E-003 -0.70605434589623006      -0.81424486414298869        1.0044383539607957       0.15852901519210341        2.9588258060418177E-002
   10.000000000000000       0.31622776601683800      -0.61786558264348401      -0.82515675996783489      -0.83879514886401618       0.26363181059956226        1.6583531470711718E-002   3.2938814255855086E-004
   10.000000000000000       0.10000000000000001      -0.77926788352086274      -0.83767377558780387      -0.83906873549905991        7.1273596449416249E-002   1.6658335317217164E-003   3.3293673968397490E-006
   10.000000000000000        3.1622776601683798E-002 -0.82131453558783962      -0.83893169081368213      -0.83907150111070283        2.1162669538027999E-002   1.6665833355616969E-004   3.3329398788841798E-008
   10.000000000000000        1.0000000000000002E-002 -0.83357556232230279      -0.83905754462087467      -0.83907152879675118        6.5500574905681041E-003   1.6666583352145200E-005   3.3334614804442034E-010
   10.000000000000000        3.1622776601683794E-003 -0.83734559520627716      -0.83907013062458946      -0.83907152907364746        2.0569567794476063E-003   1.6666658497118990E-006   3.3429551289898206E-012
   10.000000000000000        1.0000000000000000E-003 -0.83852694876623834      -0.83907138923072777      -0.83907152907571525        6.4902727758323650E-004   1.6666722659628435E-007   8.7857597690450852E-013
   10.000000000000000        3.1622776601683794E-004 -0.83889943856250537      -0.83907151509333011      -0.83907152907861815        2.0509635708469508E-004   1.6664994392183023E-008   2.5810815634753387E-012
   10.000000000000000        1.0000000000000000E-004 -0.83901712136957851      -0.83907152767626059      -0.83907152907495652        6.4842751766124382E-005   1.6687395565596564E-009   1.7828211916884560E-012
   10.000000000000000        3.1622776601683795E-005 -0.83905432505945310      -0.83907152893865289      -0.83907152907879357        2.0503635748760717E-005   1.6422860837683031E-010   2.7901403049676766E-012
   10.000000000000000        1.0000000000000001E-005 -0.83906608877581934      -0.83907152902962234      -0.83907152904164972        6.4837149689552858E-006   5.5811803564177250E-011   4.1477651259057351E-011
   10.000000000000000        3.1622776601683796E-006 -0.83906980872680115      -0.83907152882455083      -0.83907152873385427        2.0503015436411060E-006   3.0021470393463745E-010   4.0830627685704484E-010
   10.000000000000000        1.0000000000000002E-006 -0.83907098513691369      -0.83907152842455079      -0.83907152815624686        6.4826361030602530E-007   7.7693214605357060E-010   1.0966950331586741E-009
   10.000000000000000        3.1622776601683792E-007 -0.83907135623197759      -0.83907152843835919      -0.83907152852613009        2.0599492278582957E-007   7.6047538594400753E-010   6.5587059527211036E-010
   10.000000000000000        9.9999999999999995E-008 -0.83907147674366911      -0.83907152392814766      -0.83907152124510875        6.2369871358474167E-008   6.1357162102187238E-009   9.3333445520071237E-009
   10.000000000000000        3.1622776601683792E-008 -0.83907150614456671      -0.83907154651915161      -0.83907155471109629        2.7330072501572678E-008   2.0788095614587712E-008   3.0551202089164973E-008
   10.000000000000000        1.0000000000000000E-008 -0.83907151782192102      -0.83907159553753274      -0.83907161774199313        1.3413077464698840E-008   7.9207883955957178E-008   1.0567101565811467E-007
   10.000000000000000        3.1622776601683795E-009 -0.83907148683498256      -0.83907148683498256      -0.83907148683498256        5.0343109512985680E-008   5.0343109512985680E-008   5.0343109512985680E-008
   10.000000000000000        1.0000000000000001E-009 -0.83907158998641762      -0.83907158998641762      -0.83907158073455901        7.2592100997338889E-008   7.2592100997338889E-008   6.1565795978097976E-008
   10.000000000000000        3.1622776601683795E-010 -0.83907182036416206      -0.83906971386408091      -0.83906895318349606        3.4715480090251326E-007   2.1633583176434801E-006   3.0699324993369691E-006
   10.000000000000000        1.0000000000000002E-010 -0.83907158998641751      -0.83907158998641751      -0.83907140494924670        7.2592100865023237E-008   7.2592100865023237E-008   1.4793399779969156E-007
   10.000000000000000        3.1622776601683794E-011 -0.83906813398902003      -0.83906988940575433      -0.83907076711412154        4.0462431565860542E-006   1.9541488911090069E-006   9.0810175830432555E-007
   10.000000000000000        1.0000000000000001E-011 -0.83906770420583132      -0.83900109082435381      -0.83897703599215367        4.5584559701677775E-006   8.3947851473587223E-005   1.1261624429417826E-004
   10.000000000000000        3.1622776601683794E-012 -0.83896631981843139      -0.83896631981843139      -0.83896046842931704        1.2538771055293162E-004   1.2538771055293162E-004   1.3236135810452179E-004
   10.000000000000000        9.9999999999999998E-013 -0.83910656201169331      -0.83916207316292457      -0.83918982873854020        4.1752024740292547E-005   1.0790985432647542E-004   1.4098876911956685E-004
   10.000000000000000        3.1622776601683797E-013 -0.83891365731640266      -0.83891365731640266      -0.83891365731640266        1.8815053851671377E-004   1.8815053851671377E-004   1.8815053851671377E-004
   10.000000000000000        1.0000000000000000E-013 -0.84210416417818124      -0.83433260300580514      -0.83192711978578382        3.6142748223941677E-003   5.6478213196714342E-003   8.5146606017395352E-003
   10.000000000000000        3.1622776601683796E-014 -0.84786628266127329      -0.84786628266127329      -0.84786628266127329        1.0481530215309580E-002   1.0481530215309580E-002   1.0481530215309580E-002
   10.000000000000000        1.0000000000000002E-014 -0.81601392309948995      -0.89372953482325090      -0.91963473873117119        2.7479905083111916E-002   6.5141056337544107E-002   9.6014710144429402E-002
   10.000000000000000        3.1622776601683798E-015 -0.93037086917282563      -0.93037086917282563      -0.92451948005853113       0.10880996069174742       0.10880996069174742       0.10183631314022699     
   10.000000000000000        1.0000000000000001E-015 -0.72164496600635164       -1.4988010832439611       -1.7393494052460785       0.13994821537962279       0.78626139882693724        1.0729453270337299     
   10.000000000000000        3.1622776601683798E-016   0.0000000000000000        0.0000000000000000       -2.9256945571472504E-002   1.0000000000000000        1.0000000000000000       0.96513176224239783     
   10.000000000000000        1.0000000000000001E-016   0.0000000000000000        0.0000000000000000       -9.2518585385429702E-002   1.0000000000000000        1.0000000000000000       0.88973695068969527     
   100.00000000000000        10.000000000000000        5.4348841266103655E-002  -4.6911967084281442E-002  -7.5670121430172668E-002  0.93697361496690990        1.0544021110889370        1.0877519022973765     
   100.00000000000000        3.1622776601683795        5.7074721056585660E-003  -5.6401750574209888E-003  -9.3998895668976259E-003  0.99338125107883002        1.0065407069689405        1.0109007118700304     
   100.00000000000000        1.0000000000000000       0.75059621623408257       0.72561631068235211       0.83680435896406713       0.12956072242418565       0.15852901519210361        2.9588258060418284E-002
   100.00000000000000       0.31622776601683800       0.96082979087044396       0.84801858013131282       0.86203483467604891       0.11423954844153644        1.6583531470711416E-002   3.2938814255746796E-004
   100.00000000000000       0.10000000000000001       0.90704956690139915       0.86088239259514443       0.86231600131127839        5.1872568316923301E-002   1.6658335317753989E-003   3.3293674740002387E-006
   100.00000000000000        3.1622776601683798E-002  0.87775145870116011       0.86217515966133595       0.86231884354695920        1.7896612157558747E-002   1.6665833367045005E-004   3.3329578794712959E-008
   100.00000000000000        1.0000000000000002E-002  0.86732487313723994       0.86230450037877693       0.86231887200088742        5.8052780826601813E-003   1.6666582825615151E-005   3.3258762587278040E-010
   100.00000000000000        3.1622776601683794E-003  0.86391438692339095       0.86231743508977476       0.86231887228430015        1.8502606019443132E-003   1.6666664216970797E-006   3.9241269853898154E-012
   100.00000000000000        1.0000000000000000E-003  0.86282466287884718       0.86231872857200909       0.86231887229384907        5.8654705053751827E-004   1.6666186898467504E-007   7.1494068538566376E-012
   100.00000000000000        3.1622776601683794E-004  0.86247894166172467       0.86231885792667651       0.86231887230506088        1.8562666222996730E-004   1.6653940851604343E-008   2.0151336440574090E-011
   100.00000000000000        1.0000000000000000E-004  0.86236950313178795       0.86231887087895309       0.86231887231595172        5.8714758230477483E-005   1.6336542721892272E-009   3.2781053975886906E-011
   100.00000000000000        3.1622776601683795E-005  0.86233488445015460       0.86231887219347492       0.86231887233741900        1.8568725543629637E-005   1.0925086763746783E-010   5.7675873159422284E-011
   100.00000000000000        1.0000000000000001E-005  0.86232393616270098       0.86231887255205908       0.86231887256778728        5.8723926608969604E-006   3.0658621292175184E-010   3.2482563342896068E-010
   100.00000000000000        3.1622776601683796E-006  0.86232047282282775       0.86231887349774949       0.86231887414432795        1.8560827034980735E-006   1.4032691747100035E-009   2.1530828204746060E-009
   100.00000000000000        1.0000000000000002E-006  0.86231937646008550       0.86231887014287512       0.86231887014287512        5.8467049451986404E-007   2.4872572721978056E-009   2.4872572721978056E-009
   100.00000000000000        3.1622776601683792E-007  0.86231904133314352       0.86231888123913736       0.86231888120988043        1.9603590383088521E-007   1.0380676619756718E-008   1.0346748416220811E-008
   100.00000000000000        9.9999999999999995E-008  0.86231893292598727       0.86231882079346178       0.86231880025433583        7.0320046581671003E-008   5.9715986596704713E-008   8.3534467921456702E-008
   100.00000000000000        3.1622776601683792E-008  0.86231885859426149       0.86231884104009415       0.86231884074752474        1.5879766693129164E-008   3.6236699500802250E-008   3.6575981664909859E-008
   100.00000000000000        1.0000000000000000E-008  0.86231894957933264       0.86231833340555397       0.86231813171503768        8.9632328736875323E-008   6.2492211100568433E-007   8.5881530616815687E-007
   100.00000000000000        3.1622776601683795E-009  0.86231883928467734       0.86232078779725241       0.86232143730144406        3.8272392871693543E-008   2.2213471489087674E-006   2.9745536627926718E-006
   100.00000000000000        1.0000000000000001E-009  0.86231588536378467       0.86232199159042011       0.86232400849558144        3.4638275878207186E-006   3.6173425357541968E-006   5.9562744855764429E-006
   100.00000000000000        3.1622776601683795E-010  0.86231687321793493       0.86233635834368549       0.86234285338560246        2.3182488674598275E-006   2.0277946550216035E-005   2.7810011689570071E-005
   100.00000000000000        1.0000000000000002E-010  0.86233464813290073       0.86233409302138841       0.86233390798421761        1.8294676973580727E-005   1.7650934235073917E-005   1.7436353322195398E-005
   100.00000000000000        3.1622776601683794E-011  0.86241342113832087       0.86222032529754911       0.86215566744783623        1.0964488158079332E-004   1.1428137931558423E-004   1.8926274849441881E-004
   100.00000000000000        1.0000000000000001E-011  0.86208817862143394       0.86269880128497778       0.86290234217282580        2.6752709892344316E-004   4.4058991343404842E-004   6.7662891755329807E-004
   100.00000000000000        3.1622776601683794E-012  0.86222559154775202       0.86415654995546920       0.86480605414715583        1.0817429947289606E-004   2.1310883094903645E-003   2.8842948234143093E-003
   100.00000000000000        9.9999999999999998E-013  0.86392004661206556       0.85781381997662720       0.85576915923960917        1.8568239381491602E-003   5.2243461854257550E-003   7.5954652722592169E-003
   100.00000000000000        3.1622776601683797E-013  0.87191549192102358       0.85260590784385171       0.84614012287255636        1.1128852610960813E-002   1.1263773478671921E-002   1.8761910396564004E-002
   100.00000000000000        1.0000000000000000E-013  0.85820239803524601       0.85764728652293343       0.85764728652293332        4.7737262684709875E-003   5.4174690069777980E-003   5.4174690069779272E-003
   100.00000000000000        3.1622776601683796E-014  0.77589419655545089       0.77589419655545089       0.77647933546688042       0.10022356985293997       0.10022356985293997        9.9545005425981312E-002
   100.00000000000000        1.0000000000000002E-014  0.61617377866696177        1.2267964422107978        1.4294121442048888       0.28544556025744050       0.42267145210005092       0.65763755165503679     
   100.00000000000000        3.1622776601683798E-015   0.0000000000000000        0.0000000000000000        0.0000000000000000        1.0000000000000000        1.0000000000000000        1.0000000000000000     
   100.00000000000000        1.0000000000000001E-015   0.0000000000000000        0.0000000000000000        0.0000000000000000        1.0000000000000000        1.0000000000000000        1.0000000000000000     
   100.00000000000000        3.1622776601683798E-016   0.0000000000000000        0.0000000000000000        0.0000000000000000        1.0000000000000000        1.0000000000000000        1.0000000000000000     
   100.00000000000000        1.0000000000000001E-016   0.0000000000000000        0.0000000000000000        0.0000000000000000        1.0000000000000000        1.0000000000000000        1.0000000000000000     
