  0.10000000000000001        10.000000000000000        26809523.166210938        1217.1504687116849       -4466631.0029532984        24258258.720489547        1100.3232874703390        4041575.8640316306     
  0.10000000000000001        3.1622776601683795        97.350924001971592        4.1207886426013953       -10.759840771438986        87.086758717358890        2.7286437556433527        10.735906542106900     
  0.10000000000000001        1.0000000000000000        3.5304994972460020        1.2987981821029171        1.0636808016918047        2.1945280494653256       0.17520119364380143        3.7541809782767992E-002
  0.10000000000000001       0.31622776601683800        1.5416283489269864        1.1236827505381914        1.1047981164937031       0.39492301481413367        1.6750198688522327E-002   3.3732482084650677E-004
  0.10000000000000001       0.10000000000000001        1.2234394475017774        1.1070137908008493        1.1051672297844291       0.10701379080084905        1.6675001984402726E-003   3.3373039032588152E-006
  0.10000000000000001        3.1622776601683798E-002   1.1408680701845673        1.1053551224386371        1.1051708812322307        3.2300118945471669E-002   1.6667500019827100E-004   3.3337302295384959E-008
  0.10000000000000001        1.0000000000000002E-002   1.1162966751864010        1.1051893376830433        1.1051709177072468        1.0067001337789191E-002   1.6666749997043646E-005   3.3334288782294087E-010
  0.10000000000000001        3.1622776601683794E-003   1.1086731548509341        1.1051727600281085        1.1051709180719742        3.1689548811007153E-003   1.6666675087565592E-006   3.3239256333998744E-012
  0.10000000000000001        1.0000000000000000E-003   1.1062768261428380        1.1051711022708188        1.1051709180756226        1.0006670001015572E-003   1.6666668304699938E-007   2.2703312172037343E-014
  0.10000000000000001        3.1622776601683794E-004   1.1055204774958420        1.1051709364949909        1.1051709180752860        3.1629444321877831E-004   1.6666510908463164E-008   3.2728934095795427E-013
  0.10000000000000001        1.0000000000000000E-004   1.1052814425349666        1.1051709199172421        1.1051709180750120        1.0000666639994927E-004   1.6663435513778053E-009   5.7521754644728244E-013
  0.10000000000000001        3.1622776601683795E-005   1.1052058673833760        1.1051709182579663        1.1051709180736475        3.1623441367013418E-005   1.6496869549856763E-010   1.8098357172186936E-012
  0.10000000000000001        1.0000000000000001E-005   1.1051819698515430        1.1051709180920355        1.1051709180772324        1.0000060365844377E-005   1.4828276562345523E-011   1.4339251236445179E-012
  0.10000000000000001        3.1622776601683796E-006   1.1051744129310683        1.1051709180718920        1.1051709180660407        3.1622759551991636E-006   3.3982639121932710E-012   8.6927566764191837E-012
  0.10000000000000001        1.0000000000000002E-006   1.1051720232302384        1.1051709181142397        1.1051709181142397        9.9998522640703802E-007   3.4919502348996513E-011   3.4919502348996513E-011
  0.10000000000000001        3.1622776601683792E-007   1.1051712673296057        1.1051709180016756        1.1051709180016756        3.1601804957416791E-007   6.6932779825705249E-011   6.6932779825705249E-011
  0.10000000000000001        9.9999999999999995E-008   1.1051710280263194        1.1051709181142400        1.1051709181142400        9.9487481872807373E-008   3.4919703263263527E-011   3.4919703263263527E-011
  0.10000000000000001        3.1622776601683792E-008   1.1051709527589269        1.1051709176505922        1.1051709170654533        3.1382728743869916E-008   3.8460616305033313E-010   9.1406166781520160E-010
  0.10000000000000001        1.0000000000000000E-008   1.1051709214449090        1.1051709103426788        1.1051709047915634        3.0486337084009637E-009   6.9970796420580374E-009   1.2019936518201806E-008
  0.10000000000000001        3.1622776601683795E-009   1.1051709141397585        1.1051709141397585        1.1051709141397585        3.5613397943823451E-009   3.5613397943823451E-009   3.5613397943823451E-009
  0.10000000000000001        1.0000000000000001E-009   1.1051708437292973        1.1051709547515998        1.1051709547515995        6.7271359744812044E-008   3.3185773759777966E-008   3.3185773558863703E-008
  0.10000000000000001        3.1622776601683795E-010   1.1051707034897504        1.1051707034897504        1.1051706449758594        1.9416534923590385E-007   1.9416534923590385E-007   2.4711090734713284E-007
  0.10000000000000001        1.0000000000000002E-010   1.1051703996400872        1.1051703996400872        1.1051698445285749        4.6909989396408636E-007   4.6909989396408636E-007   9.7138556148703649E-007
  0.10000000000000001        3.1622776601683794E-011   1.1051682459063226        1.1051717567397912        1.1051729270176140        2.4178787927203214E-006   7.5885469817261795E-007   1.8177658618035977E-006
  0.10000000000000001        1.0000000000000001E-011   1.1051715098631119        1.1051715098631119        1.1051733602348197        5.3547144108181380E-007   5.3547144108181380E-007   2.2097569996255901E-006
  0.10000000000000001        3.1622776601683794E-012   1.1051401592385739        1.1051752675732598        1.1051752675732598        2.7831746719662921E-005   3.9355881890655573E-006   3.9355881890655573E-006
  0.10000000000000001        9.9999999999999998E-013   1.1051159987118808        1.1052270210143433        1.1052270210143433        4.9693095311012277E-005   5.0764038193577733E-005   5.0764038193577733E-005
  0.10000000000000001        3.1622776601683797E-013   1.1052103759079452        1.1052103759079452        1.1052103759079455        3.5702923097392210E-005   3.5702923097392210E-005   3.5702923097593120E-005
  0.10000000000000001        1.0000000000000000E-013   1.1046719095020308        1.1046719095020308        1.1044868723312598        4.5152162932937234E-004   4.5152162932937234E-004   6.1895018517048967E-004
  0.10000000000000001        3.1622776601683796E-014   1.1024017091330840        1.1059125426016607        1.1059125426016607        2.5056838695914430E-003   6.7104962126975174E-004   6.7104962126975174E-004
  0.10000000000000001        1.0000000000000002E-014   1.0991207943789048        1.0991207943789048        1.0972704226711962        5.4743783045590735E-003   5.4743783045590735E-003   7.1486638629688400E-003
  0.10000000000000001        3.1622776601683798E-015   1.0883583752587771        1.0883583752587771        1.0825069861444827        1.5212617833036223E-002   1.5212617833036223E-002   2.0507173651138081E-002
  0.10000000000000001        1.0000000000000001E-015   1.1102230246251565        1.1102230246251565        1.0732155904709846        4.5713350459001285E-003   4.5713350459001285E-003   2.8914376122296609E-002
  0.10000000000000001        3.1622776601683798E-016   1.0532500405730101        1.0532500405730101       0.99473614943006516        4.6979952741647971E-002   4.6979952741647971E-002   9.9925510922667451E-002
  0.10000000000000001        1.0000000000000001E-016   1.1102230246251563        1.1102230246251563        1.2952601953960157        4.5713350458999272E-003   4.5713350458999272E-003  0.17199989088688322     
   10.000000000000000        10.000000000000000        534323727974.89990        24258259.720489513       -89021610499.743195        24258258.720489517        1100.3232874703392        4041575.8640316245     
   10.000000000000000        3.1622776601683795        1940239.9778633004        82128.844144698000       -214447.61243115290        87.086758717359004        2.7286437556433540        10.735906542106914     
   10.000000000000000        1.0000000000000000        70364.162812098599        25885.528893811217        21199.552405751441        2.1945280494653248       0.17520119364380138        3.7541809782767867E-002
   10.000000000000000       0.31622776601683800        30725.224072192173        22395.413473275603        22019.035721178516       0.39492301481413339        1.6750198688519222E-002   3.3732482085046541E-004
   10.000000000000000       0.10000000000000001        24383.601397454113        22063.194930890422        22026.392285796377       0.10701379080084412        1.6675001984369259E-003   3.3373039063814390E-006
   10.000000000000000        3.1622776601683798E-002   22737.923259927404        22030.137055996893        22026.465060503037        3.2300118945474653E-002   1.6667500017367455E-004   3.3337335559149855E-008
   10.000000000000000        1.0000000000000002E-002   22248.206255429246        22026.832904405088        22026.465787464011        1.0067001337763818E-002   1.6666749981132342E-005   3.3335839338634021E-010
   10.000000000000000        3.1622776601683794E-003   22096.266671100078        22026.502505600729        22026.465794732278        3.1689548810784601E-003   1.6666674696251083E-006   3.3795854062189938E-012
   10.000000000000000        1.0000000000000000E-003   22048.506952263779        22026.469465870832        22026.465794785508        1.0006670004344279E-003   1.6666605294345713E-007   9.6290601692193984E-013
   10.000000000000000        3.1622776601683794E-004   22033.432643513333        22026.466161951230        22026.465794864383        3.1629444194620506E-004   1.6668335056732545E-008   2.6180142837443683E-012
   10.000000000000000        1.0000000000000000E-004   22028.668588172877        22026.465831459063        22026.465794745793        1.0000666410490035E-004   1.6640139087490893E-009   2.7660012119025260E-012
   10.000000000000000        3.1622776601683795E-005   22027.162347516696        22026.465798559180        22026.465794916152        3.1623444108882284E-005   1.7036152767898051E-010   4.9682977521490351E-012
   10.000000000000000        1.0000000000000001E-005   22026.686060053180        22026.465794260730        22026.465793957563        1.0000026718494705E-005   2.4787810466491377E-011   3.8551585769093937E-011
   10.000000000000000        3.1622776601683796E-006   22026.535448347022        22026.465788665482        22026.465786939836        3.1622658375095012E-006   2.7881166691350902E-010   3.5715588061484463E-010
   10.000000000000000        1.0000000000000002E-006   22026.487824405191        22026.465778253620        22026.465772493488        1.0001422233575596E-006   7.5150949783571126E-010   1.0130190814533898E-009
   10.000000000000000        3.1622776601683792E-007   22026.472741863869        22026.465776010755        22026.465776010755        3.1539590669696121E-007   8.5333540523135671E-010   8.5333540523135671E-010
   10.000000000000000        9.9999999999999995E-008   22026.468050171388        22026.465667295270        22026.465597567345        1.0239339762577620E-007   5.7890107934125808E-009   8.9546536777578928E-009
   10.000000000000000        3.1622776601683792E-008   22026.466310960666        22026.466253439168        22026.466426003655        2.3433353004472601E-008   2.0821881031231886E-008   2.8656296620626070E-008
   10.000000000000000        1.0000000000000000E-008   22026.465740054846        22026.467559044249        22026.468165374048        2.4857311470251370E-009   8.0096260012660954E-008   1.0762359028911366E-007
   10.000000000000000        3.1622776601683795E-009   22026.464700358789        22026.465275573744        22026.465083835425        4.9687859108151780E-008   2.3573140531892497E-008   3.2278046779033587E-008
   10.000000000000000        1.0000000000000001E-009   22026.466467650607        22026.468286640011        22026.469499299612        3.0547065316849303E-008   1.1312905647653539E-007   1.6818371719460479E-007
   10.000000000000000        3.1622776601683795E-010   22026.476204657898        22026.412931012794        22026.388005031389        4.7260651241703386E-007   2.4000125311366511E-006   3.5316503361629414E-006
   10.000000000000000        1.0000000000000002E-010   22026.451915735375        22026.470105629411        22026.467073980406        6.3010886412580343E-007   1.9571104747105750E-007   5.8074395593302009E-008
   10.000000000000000        3.1622776601683794E-011   22026.418683162348        22026.418683162348        22026.389922414575        2.1388653453740582E-006   2.1388653453740582E-006   3.4446012741870225E-006
   10.000000000000000        1.0000000000000001E-011   22026.324586477127        22024.505597073581        22023.747684822109        6.4108482453038300E-006   8.8992839404989925E-005   1.2340200238797225E-004
   10.000000000000000        3.1622776601683794E-012   22023.830215862636        22023.830215862636        22023.830215862636        1.1965509894481705E-004   1.1965509894481705E-004   1.1965509894481705E-004
   10.000000000000000        9.9999999999999998E-013   22027.961676940322        22029.780666343868        22029.780666343868        6.7912943798578823E-005   1.5049493495826490E-004   1.5049493495826490E-004
   10.000000000000000        3.1622776601683797E-013   22019.228496218700        22024.980645773619        22023.063262588646        3.2857284756612249E-004   6.7425661789490706E-005   1.5447472371503464E-004
   10.000000000000000        1.0000000000000000E-013   22100.721253082156        21918.822312727571        21855.157683603462        3.3711925901860223E-003   4.8870065257825869E-003   7.7773762163717650E-003
   10.000000000000000        3.1622776601683796E-014   22260.818777525179        22260.818777525179        22289.579525299760        1.0639608955046962E-002   1.0639608955046962E-002   1.1945344883929459E-002
   10.000000000000000        1.0000000000000002E-014   21464.074961841103        23464.963305741545        24071.293106923498        2.5532504315704276E-002   6.5307685959950429E-002   9.2835016346512506E-002
   10.000000000000000        3.1622776601683798E-015   24734.243086139086        24734.243086139086        25021.850563884887       0.12293289883894097       0.12293289883894097       0.13599025812776580     
   10.000000000000000        1.0000000000000001E-015   18189.894035458565        38198.777474462986        45474.735088646412       0.17418008840313909       0.73422181435340794        1.0645497789921523     
   10.000000000000000        3.1622776601683798E-016   0.0000000000000000        0.0000000000000000        0.0000000000000000        1.0000000000000000        1.0000000000000000        1.0000000000000000     
   10.000000000000000        1.0000000000000001E-016   0.0000000000000000        0.0000000000000000        0.0000000000000000        1.0000000000000000        1.0000000000000000        1.0000000000000000     
   100.00000000000000        10.000000000000000        6.5209043785275754E+050   2.9604860077303185E+046  -1.0864226671936629E+050   24258258.720489513        1100.3232874703392        4041575.8640316250     
   100.00000000000000        3.1622776601683795        2.3678752607515381E+045   1.0023031195270647E+044  -2.6171257266957248E+044   87.086758717358691        2.7286437556433736        10.735906542106838     
   100.00000000000000        1.0000000000000000        8.5872656097802042E+043   3.1590784737166862E+043   2.5872003594042767E+043   2.1945280494653248       0.17520119364380135        3.7541809782767853E-002
   100.00000000000000       0.31622776601683800        3.7497164676357011E+043   2.7331436380395704E+043   2.6872103731828510E+043  0.39492301481412811        1.6750198688519256E-002   3.3732482084912734E-004
   100.00000000000000       0.10000000000000001        2.9757827472786691E+043   2.6925995776833901E+043   2.6881081707520879E+043  0.10701379080086590        1.6675001983827509E-003   3.3373039843214010E-006
   100.00000000000000        3.1622776601683798E-002   2.7749436452364140E+043   2.6885651837409112E+043   2.6881170522009877E+043   3.2300118945566857E-002   1.6667500006079593E-004   3.3337515890748885E-008
   100.00000000000000        1.0000000000000002E-002   2.7151784206783873E+043   2.6881619439938801E+043   2.6881171409220795E+043   1.0067001337586279E-002   1.6666750510076428E-005   3.3259567750844577E-010
   100.00000000000000        3.1622776601683794E-003   2.6966356637521011E+043   2.6881216220120363E+043   2.6881171418056245E+043   3.1689548805191713E-003   1.6666669137855170E-006   3.9102095373949500E-012
   100.00000000000000        1.0000000000000000E-003   2.6908070519259942E+043   2.6881175898484330E+043   2.6881171418350028E+043   1.0006669977340381E-003   1.6667141859291034E-007   7.0187404623273373E-012
   100.00000000000000        3.1622776601683794E-004   2.6889673783051390E+043   2.6881171866527393E+043   2.6881171418704128E+043   3.1629443366779959E-004   1.6679557212069206E-008   2.0191543214440818E-011
   100.00000000000000        1.0000000000000000E-004   2.6883859715415672E+043   2.6881171463851341E+043   2.6881171419033782E+043   1.0000670032184143E-004   1.6997021574185901E-009   3.2454904948694080E-011
   100.00000000000000        3.1622776601683795E-005   2.6882021494920338E+043   2.6881171424227782E+043   2.6881171419738913E+043   3.1623501288615163E-005   2.2567566096529138E-010   5.8686300724123527E-011
   100.00000000000000        1.0000000000000001E-005   2.6881440240094287E+043   2.6881171427109281E+043   2.6881171426696631E+043   1.0000380145253140E-005   3.3286959664831982E-010   3.1751870384249373E-010
   100.00000000000000        3.1622776601683796E-006   2.6881256401545242E+043   2.6881171456250112E+043   2.6881171476867582E+043   3.1614464475323843E-006   1.4169306583073006E-009   2.1839162235552183E-009
   100.00000000000000        1.0000000000000002E-006   2.6881198229996654E+043   2.6881171349366641E+043   2.6881171348541346E+043   9.9742064366275161E-007   2.5592156554980152E-009   2.5899172569004272E-009
   100.00000000000000        3.1622776601683792E-007   2.6881180197014898E+043   2.6881171702093912E+043   2.6881171702093912E+043   3.2658002156796759E-007   1.0562506795410777E-008   1.0562506795410777E-008
   100.00000000000000        9.9999999999999995E-008   2.6881174409554423E+043   2.6881169829176278E+043   2.6881169189573928E+043   1.1128209484623510E-007   5.9111452150058720E-008   8.2905145526735032E-008
   100.00000000000000        3.1622776601683792E-008   2.6881171294964059E+043   2.6881170512022033E+043   2.6881170485923964E+043   4.5830330496433555E-009   3.3709071269888765E-008   3.4679939253545767E-008
   100.00000000000000        1.0000000000000000E-008   2.6881173716308001E+043   2.6881154404443389E+043   2.6881147925890513E+043   8.5492801246796022E-008   6.3292323473757788E-007   8.7393032385514191E-007
   100.00000000000000        3.1622776601683795E-009   2.6881170590316234E+043   2.6881230876852246E+043   2.6881250711383576E+043   3.0796467503126996E-008   2.2119084754557693E-006   2.9497681104300563E-006
   100.00000000000000        1.0000000000000001E-009   2.6881078147336969E+043   2.6881268790103019E+043   2.6881332337691700E+043   3.4697455306758749E-006   3.6223102091698675E-006   5.9863287890570450E-006
   100.00000000000000        3.1622776601683795E-010   2.6881108737896165E+043   2.6881711603256315E+043   2.6881908643666238E+043   2.3317534870867233E-006   2.0095295943607494E-005   2.7425348896193812E-005
   100.00000000000000        1.0000000000000002E-010   2.6881645123874956E+043   2.6881645123874956E+043   2.6881645123874956E+043   1.7622212448681150E-005   1.7622212448681150E-005   1.7622212448681150E-005
   100.00000000000000        3.1622776601683794E-011   2.6884115235276664E+043   2.6878086581675143E+043   2.6876077030474635E+043   1.0951223328455033E-004   1.1475826102312869E-004   1.8951509245908310E-004
   100.00000000000000        1.0000000000000001E-011   2.6873945136830601E+043   2.6893257001443453E+043   2.6899776818983696E+043   2.6882315574508844E-004   4.4959288023928545E-004   6.9213504623425565E-004
   100.00000000000000        3.1622776601683794E-012   2.6877616816459440E+043   2.6938686294500855E+043   2.6958520825830546E+043   1.3223388395619697E-004   2.1395970973437858E-003   2.8774567322959678E-003
   100.00000000000000        9.9999999999999998E-013   2.6930147614614163E+043   2.6739504848564214E+043   2.6675957259880894E+043   1.8219517182096199E-003   5.2701040216361229E-003   7.6341226015848264E-003
   100.00000000000000        3.1622776601683797E-013   2.7175917728430979E+043   2.6580881788540237E+043   2.6385146281997234E+043   1.0964786678548062E-002   1.1171002370017202E-002   1.8452511925466129E-002
   100.00000000000000        1.0000000000000000E-013   2.6739504848564214E+043   2.6739504848564214E+043   2.6751884248957063E+043   5.2701040216361229E-003   5.2701040216361229E-003   4.8095809216463234E-003
   100.00000000000000        3.1622776601683796E-014   2.4114614406098363E+043   2.4192908608715566E+043   2.4205957642485101E+043  0.10291802276867527       0.10000541894649563        9.9519984976132292E-002
   100.00000000000000        1.0000000000000002E-014   1.9064276604994854E+043   3.8128553209989708E+043   4.4483312078321325E+043  0.29079442601542582       0.41841114796914830       0.65481300596400638     
   100.00000000000000        3.1622776601683798E-015   0.0000000000000000        0.0000000000000000        3.9147101308601232E+041   1.0000000000000000        1.0000000000000000       0.98543698088910192     
   100.00000000000000        1.0000000000000001E-015   0.0000000000000000        0.0000000000000000        1.2379400392853801E+042   1.0000000000000000        1.0000000000000000       0.95394769000100166     
   100.00000000000000        3.1622776601683798E-016   0.0000000000000000        0.0000000000000000        3.9147101308601235E+042   1.0000000000000000        1.0000000000000000       0.85436980889101866     
   100.00000000000000        1.0000000000000001E-016   0.0000000000000000        0.0000000000000000        1.2379400392853800E+043   1.0000000000000000        1.0000000000000000       0.53947690001001680     
