  A                  b
 ------------------------
  2.00  0.30         7.70
  2.00  0.48         7.64
  2.00  0.86         6.54
  2.00  0.94         8.40
  2.00  1.28         8.24
  2.00  1.36         6.76
  2.00  1.46         7.82
  2.00  1.54         8.52
  2.00  1.58         7.58
  2.00  1.76         7.52
  2.00  1.94         7.66
  2.00  2.06         8.72
  2.00  2.36         7.40
  2.00  2.38         7.64
  2.00  3.08         9.44
  2.00  3.52         9.24
  2.00  3.68         7.96
  2.00  3.22         7.94
  2.00  3.82         8.24
  2.00  3.92         9.48
 
 alpha
   80.00   83.08
   83.08  110.52
 
 beta
  320.88  342.56
 
 a
  3.6115  0.3846
 
 Uncertainties
  0.2387  0.2031
