  -1.0000000000000000        1.5707963267948966        0.0000000000000000     
 -0.99666666666666670        1.5625952710708364        0.0000000000000000     
 -0.99333333333333340        1.5544088391778415        0.0000000000000000     
 -0.99000000000000010        1.5462370493765214        0.0000000000000000     
 -0.98666666666666680        1.5380799354820491        0.0000000000000000     
 -0.98333333333333350        1.5299375474411108        0.0000000000000000     
 -0.98000000000000020        1.5218099519405801        0.0000000000000000     
 -0.97666666666666690        1.5136972330495739        0.0000000000000000     
 -0.97333333333333361        1.5055994928968781        0.0000000000000000     
 -0.97000000000000031        1.4975168523859310        0.0000000000000000     
 -0.96666666666666701        1.4894494519495332        0.0000000000000000     
 -0.96333333333333371        1.4813974523465581        0.0000000000000000     
 -0.96000000000000041        1.4733610355032143        0.0000000000000000     
 -0.95666666666666711        1.4653404054015495        0.0000000000000000     
 -0.95333333333333381        1.4573357890178746        0.0000000000000000     
 -0.95000000000000051        1.4493474373142050        0.0000000000000000     
 -0.94666666666666721        1.4413756262858102        0.0000000000000000     
 -0.94333333333333391        1.4334206580683384        0.0000000000000000     
 -0.94000000000000061        1.4254828621079461        0.0000000000000000     
 -0.93666666666666731        1.4175625963984650        0.0000000000000000     
 -0.93333333333333401        1.4096602487893806        0.0000000000000000     
 -0.93000000000000071        1.4017762383693064        0.0000000000000000     
 -0.92666666666666742        1.3939110169292390        0.0000000000000000     
 -0.92333333333333412        1.3860650705106885        0.0000000000000000     
 -0.92000000000000082        1.3782389210438617        0.0000000000000000     
 -0.91666666666666752        1.3704331280814466        0.0000000000000000     
 -0.91333333333333422        1.3626482906340596        0.0000000000000000     
 -0.91000000000000092        1.3548850491134712        0.0000000000000000     
 -0.90666666666666762        1.3471440873906075        0.0000000000000000     
 -0.90333333333333432        1.3394261349753951        0.0000000000000000     
 -0.90000000000000102        1.3317319693261245        0.0000000000000000     
 -0.89666666666666772        1.3240624182965830        0.0000000000000000     
 -0.89333333333333442        1.3164183627296606        0.0000000000000000     
 -0.89000000000000112        1.3088007392067185        0.0000000000000000     
 -0.88666666666666782        1.3012105429626688        0.0000000000000000     
 -0.88333333333333452        1.2936488309773944        0.0000000000000000     
 -0.88000000000000123        1.2861167252546646        0.0000000000000000     
 -0.87666666666666793        1.2786154163006724        0.0000000000000000     
 -0.87333333333333463        1.2711461668149806        0.0000000000000000     
 -0.87000000000000133        1.2637103156074299        0.0000000000000000     
 -0.86666666666666803        1.2563092817556261        0.0000000000000000     
 -0.86333333333333473        1.2489445690183840        0.0000000000000000     
 -0.86000000000000143        1.2416177705215248        0.0000000000000000     
 -0.85666666666666813        1.2343305737335559        0.0000000000000000     
 -0.85333333333333483        1.2270847657496391        0.0000000000000000     
 -0.85000000000000153        1.2198822389036492        0.0000000000000000     
 -0.84666666666666823        1.2127249967290243        0.0000000000000000     
 -0.84333333333333493        1.2056151602905139        0.0000000000000000     
 -0.84000000000000163        1.1985549749101949        0.0000000000000000     
 -0.83666666666666833        1.1915468173123087        0.0000000000000000     
 -0.83333333333333504        1.1845932032129278        0.0000000000000000     
 -0.83000000000000174        1.1776967953816897        0.0000000000000000     
 -0.82666666666666844        1.1708604122044186        0.0000000000000000     
 -0.82333333333333514        1.1640870367763927        0.0000000000000000     
 -0.82000000000000184        1.1573798265578727        0.0000000000000000     
 -0.81666666666666854        1.1507421236242295        0.0000000000000000     
 -0.81333333333333524        1.1441774655446113        0.0000000000000000     
 -0.81000000000000194        1.1376895969238430        0.0000000000000000     
 -0.80666666666666864        1.1312824816433760        0.0000000000000000     
 -0.80333333333333534        1.1249603158375050        0.0000000000000000     
 -0.80000000000000204        1.1187275416416851        0.0000000000000000     
 -0.79666666666666874        1.1125888617495603        0.0000000000000000     
 -0.79333333333333544        1.1065492548149320        0.0000000000000000     
 -0.79000000000000214        1.1006139917339299        0.0000000000000000     
 -0.78666666666666885        1.0947886528404267        0.0000000000000000     
 -0.78333333333333555        1.0890791460457239        0.0000000000000000     
 -0.78000000000000225        1.0834917259490009        0.0000000000000000     
 -0.77666666666666895        1.0780330139406507        0.0000000000000000     
 -0.77333333333333565        1.0727100193133787        0.0000000000000000     
 -0.77000000000000235        1.0675301613877055        0.0000000000000000     
 -0.76666666666666905        1.0625012926478761        0.0000000000000000     
 -0.76333333333333575        1.0576317228700531        0.0000000000000000     
 -0.76000000000000245        1.0529302442088933        0.0000000000000000     
 -0.75666666666666915        1.0484061571876659        0.0000000000000000     
 -0.75333333333333585        1.0440692975125341        0.0000000000000000     
 -0.75000000000000255        1.0399300636020794        0.0000000000000000     
 -0.74666666666666925        1.0359994446873393        0.0000000000000000     
 -0.74333333333333595        1.0322890492952776        0.0000000000000000     
 -0.74000000000000266        1.0288111338789163        0.0000000000000000     
 -0.73666666666666936        1.0255786312980124        0.0000000000000000     
 -0.73333333333333606        1.0226051787862780        0.0000000000000000     
 -0.73000000000000276        1.0199051449609737        0.0000000000000000     
 -0.72666666666666946        1.0174936553399732        0.0000000000000000     
 -0.72333333333333616        1.0153866157264182        0.0000000000000000     
 -0.72000000000000286        1.0136007327036951        0.0000000000000000     
 -0.71666666666666956        1.0121535303512834        0.0000000000000000     
 -0.71333333333333626        1.0110633621462410        0.0000000000000000     
 -0.71000000000000296        1.0103494168563896        0.0000000000000000     
 -0.70666666666666966        1.0100317170615345        0.0000000000000000     
 -0.70333333333333636        1.0101311087609715        0.0000000000000000     
 -0.70000000000000306        1.0106692403455626        0.0000000000000000     
 -0.69666666666666976        1.0116685290355307        0.0000000000000000     
 -0.69333333333333647        1.0131521127229004        0.0000000000000000     
 -0.69000000000000317        1.0151437850208642        0.0000000000000000     
 -0.68666666666666987        1.0176679112278733        0.0000000000000000     
 -0.68333333333333657        1.0207493228812368        0.0000000000000000     
 -0.68000000000000327        1.0244131886248078        0.0000000000000000     
 -0.67666666666666997        1.0286848592750863        0.0000000000000000     
 -0.67333333333333667        1.0335896852637398        0.0000000000000000     
 -0.67000000000000337        1.0391528050917285        0.0000000000000000     
 -0.66666666666667007        1.0453989040733538        0.0000000000000000     
 -0.66333333333333677        1.0523519434959876        0.0000000000000000     
 -0.66000000000000347        1.0600348613833936        0.0000000000000000     
 -0.65666666666667017        1.0684692473181669        0.0000000000000000     
 -0.65333333333333687        1.0776749952312012        0.0000000000000000     
 -0.65000000000000357        1.0876699396519383        0.0000000000000000     
 -0.64666666666667028        1.0984694825619399        0.0000000000000000     
 -0.64333333333333698        1.1100862196065500        0.0000000000000000     
 -0.64000000000000368        1.1225295758736500        0.0000000000000000     
 -0.63666666666667038        1.1358054626106084        0.0000000000000000     
 -0.63333333333333708        1.1499159669781482        0.0000000000000000     
 -0.63000000000000378        1.1648590871056106        0.0000000000000000     
 -0.62666666666667048        1.1806285242140317        0.0000000000000000     
 -0.62333333333333718        1.1972135423539054        0.0000000000000000     
 -0.62000000000000388        1.2145989043663803        0.0000000000000000     
 -0.61666666666667058        1.2327648900875605        0.0000000000000000     
 -0.61333333333333728        1.2516873997114801        0.0000000000000000     
 -0.61000000000000398        1.2713381418028520        0.0000000000000000     
 -0.60666666666667068        1.2916849019401011        0.0000000000000000     
 -0.60333333333333738        1.3126918846251565        0.0000000000000000     
 -0.60000000000000409        1.3343201181583733        0.0000000000000000     
 -0.59666666666667079        1.3565279098499450        0.0000000000000000     
 -0.59333333333333749        1.3792713373657250        0.0000000000000000     
 -0.59000000000000419        1.4025047612596797        0.0000000000000000     
 -0.58666666666667089        1.4261813438239039        0.0000000000000000     
 -0.58333333333333759        1.4502535602189972        0.0000000000000000     
 -0.58000000000000429        1.4746736893062722        0.0000000000000000     
 -0.57666666666667099        1.4993942735255112        0.0000000000000000     
 -0.57333333333333769        1.5243685393731847        0.0000000000000000     
 -0.57000000000000439        1.5495507723583315        0.0000000000000000     
 -0.56666666666667109        1.5748966425964683        0.0000000000000000     
 -0.56333333333333779        1.6003634793162604        0.0000000000000000     
 -0.56000000000000449        1.6259104944145870        0.0000000000000000     
 -0.55666666666667119        1.6514989567413898        0.0000000000000000     
 -0.55333333333333790        1.6770923200096219        0.0000000000000000     
 -0.55000000000000460        1.7026563081064792        0.0000000000000000     
 -0.54666666666667130        1.7281589621567606        0.0000000000000000     
 -0.54333333333333800        1.7535706539927618        0.0000000000000000     
 -0.54000000000000470        1.7788640707635339        0.0000000000000000     
 -0.53666666666667140        1.8040141753138954        0.0000000000000000     
 -0.53333333333333810        1.8289981467279846        0.0000000000000000     
 -0.53000000000000480        1.8537953051025471        0.0000000000000000     
 -0.52666666666667150        1.8783870242270819        0.0000000000000000     
 -0.52333333333333820        1.9027566354309693        0.0000000000000000     
 -0.52000000000000490        1.9268893254349655        0.0000000000000000     
 -0.51666666666667160        1.9507720306323209        0.0000000000000000     
 -0.51333333333333830        1.9743933298352103        0.0000000000000000     
 -0.51000000000000500        1.9977433371653672        0.0000000000000000     
 -0.50666666666667171        2.0208135964438885        0.0000000000000000     
 -0.50333333333333841        2.0435969781505601        0.0000000000000000     
 -0.50000000000000511        2.0660875797739955        0.0000000000000000     
 -0.49666666666667175        2.0882806301614014        0.0000000000000000     
 -0.49333333333333840        2.1101723982958069        0.0000000000000000     
 -0.49000000000000504        2.1317601067792844        0.0000000000000000     
 -0.48666666666667169        2.1530418501768991        0.0000000000000000     
 -0.48333333333333833        2.1740165182765692        0.0000000000000000     
 -0.48000000000000498        2.1946837242402992        0.0000000000000000     
 -0.47666666666667162        2.2150437375607859        0.0000000000000000     
 -0.47333333333333827        2.2350974216897961        0.0000000000000000     
 -0.47000000000000491        2.2548461761698957        0.0000000000000000     
 -0.46666666666667156        2.2742918830765761        0.0000000000000000     
 -0.46333333333333820        2.2934368575613049        0.0000000000000000     
 -0.46000000000000485        2.3122838022764411        0.0000000000000000     
 -0.45666666666667149        2.3308357654585024        0.0000000000000000     
 -0.45333333333333814        2.3490961024465666        0.0000000000000000     
 -0.45000000000000479        2.3670684404151938        0.0000000000000000     
 -0.44666666666667143        2.3847566461076521        0.0000000000000000     
 -0.44333333333333808        2.4021647963617068        0.0000000000000000     
 -0.44000000000000472        2.4192971512298747        0.0000000000000000     
 -0.43666666666667137        2.4361581295049795        0.0000000000000000     
 -0.43333333333333801        2.4527522864721281        0.0000000000000000     
 -0.43000000000000466        2.4690842937185562        0.0000000000000000     
 -0.42666666666667130        2.4851589208429594        0.0000000000000000     
 -0.42333333333333795        2.5009810189163710        0.0000000000000000     
 -0.42000000000000459        2.5165555055562727        0.0000000000000000     
 -0.41666666666667124        2.5318873514855951        0.0000000000000000     
 -0.41333333333333788        2.5469815684571739        0.0000000000000000     
 -0.41000000000000453        2.5618431984329906        0.0000000000000000     
 -0.40666666666667117        2.5764773039163553        0.0000000000000000     
 -0.40333333333333782        2.5908889593421049        0.0000000000000000     
 -0.40000000000000446        2.6050832434382079        0.0000000000000000     
 -0.39666666666667111        2.6190652324784467        0.0000000000000000     
 -0.39333333333333775        2.6328399943524450        0.0000000000000000     
 -0.39000000000000440        2.6464125833854979        0.0000000000000000     
 -0.38666666666667104        2.6597880358459864        0.0000000000000000     
 -0.38333333333333769        2.6729713660834795        0.0000000000000000     
 -0.38000000000000433        2.6859675632455877        0.0000000000000000     
 -0.37666666666667098        2.6987815885256312        0.0000000000000000     
 -0.37333333333333762        2.7114183728980028        0.0000000000000000     
 -0.37000000000000427        2.7238828153012702        0.0000000000000000     
 -0.36666666666667092        2.7361797812330111        0.0000000000000000     
 -0.36333333333333756        2.7483141017236039        0.0000000000000000     
 -0.36000000000000421        2.7602905726589460        0.0000000000000000     
 -0.35666666666667085        2.7721139544253446        0.0000000000000000     
 -0.35333333333333750        2.7837889718519508        0.0000000000000000     
 -0.35000000000000414        2.7953203144288401        0.0000000000000000     
 -0.34666666666667079        2.8067126367809530        0.0000000000000000     
 -0.34333333333333743        2.8179705593801265        0.0000000000000000     
 -0.34000000000000408        2.8290986694795639        0.0000000000000000     
 -0.33666666666667072        2.8401015222566035        0.0000000000000000     
 -0.33333333333333737        2.8509836421515908        0.0000000000000000     
 -0.33000000000000401        2.8617495243921862        0.0000000000000000     
 -0.32666666666667066        2.8724036366936003        0.0000000000000000     
 -0.32333333333333730        2.8829504211272590        0.0000000000000000     
 -0.32000000000000395        2.8933942961509360        0.0000000000000000     
 -0.31666666666667059        2.9037396587954372        0.0000000000000000     
 -0.31333333333333724        2.9139908870033984        0.0000000000000000     
 -0.31000000000000388        2.9241523421174094        0.0000000000000000     
 -0.30666666666667053        2.9342283715155775        0.0000000000000000     
 -0.30333333333333717        2.9442233113935719        0.0000000000000000     
 -0.30000000000000382        2.9541414896934763        0.0000000000000000     
 -0.29666666666667046        2.9639872291808018        0.0000000000000000     
 -0.29333333333333711        2.9737648506715773        0.0000000000000000     
 -0.29000000000000375        2.9834786764131334        0.0000000000000000     
 -0.28666666666667040        2.9931330336225335        0.0000000000000000     
 -0.28333333333333705        3.0027322581880376        0.0000000000000000     
 -0.28000000000000369        3.0122806985398678        0.0000000000000000     
 -0.27666666666667034        3.0217827196974398        0.0000000000000000     
 -0.27333333333333698        3.0312427075015758        0.0000000000000000     
 -0.27000000000000363        3.0406650730410409        0.0000000000000000     
 -0.26666666666667027        3.0500542572839633        0.0000000000000000     
 -0.26333333333333692        3.0594147359259942        0.0000000000000000     
 -0.26000000000000356        3.0687510244679030        0.0000000000000000     
 -0.25666666666667021        3.0780676835371841        0.0000000000000000     
 -0.25333333333333685        3.0873693244687037        0.0000000000000000     
 -0.25000000000000350        3.0966606151618059        0.0000000000000000     
 -0.24666666666667017        3.1059462862317258        0.0000000000000000     
 -0.24333333333333684        3.1152311374754960        0.0000000000000000     
 -0.24000000000000352        3.1245200446733770        0.0000000000000000     
 -0.23666666666667019        3.1338179667490129        0.0000000000000000     
 -0.23333333333333686        3.1431299533128247        0.0000000000000000     
 -0.23000000000000353        3.1524611526147970        0.0000000000000000     
 -0.22666666666667021        3.1618168199348107        0.0000000000000000     
 -0.22333333333333688        3.1712023264400346        0.0000000000000000     
 -0.22000000000000355        3.1806231685406168        0.0000000000000000     
 -0.21666666666667023        3.1900849777764630        0.0000000000000000     
 -0.21333333333333690        3.1995935312692332        0.0000000000000000     
 -0.21000000000000357        3.2091547627746473        0.0000000000000000     
 -0.20666666666667025        3.2187747743709463        0.0000000000000000     
 -0.20333333333333692        3.2284598488195324        0.0000000000000000     
 -0.20000000000000359        3.2382164626329604        0.0000000000000000     
 -0.19666666666667026        3.2480512998838491        0.0000000000000000     
 -0.19333333333333694        3.2579712667852219        0.0000000000000000     
 -0.19000000000000361        3.2679835070673331        0.0000000000000000     
 -0.18666666666667028        3.2780954181688422        0.0000000000000000     
 -0.18333333333333696        3.2883146682485633        0.0000000000000000     
 -0.18000000000000363        3.2986492140088459        0.0000000000000000     
 -0.17666666666667030        3.3091073192996099        0.0000000000000000     
 -0.17333333333333698        3.3196975744424573        0.0000000000000000     
 -0.17000000000000365        3.3304289161741663        0.0000000000000000     
 -0.16666666666667032        3.3413106480544204        0.0000000000000000     
 -0.16333333333333699        3.3523524611096476        0.0000000000000000     
 -0.16000000000000367        3.3635644543874981        0.0000000000000000     
 -0.15666666666667034        3.3749571549650939        0.0000000000000000     
 -0.15333333333333701        3.3865415367795815        0.0000000000000000     
 -0.15000000000000369        3.3983290374142507        0.0000000000000000     
 -0.14666666666667036        3.4103315716585194        0.0000000000000000     
 -0.14333333333333703        3.4225615402353515        0.0000000000000000     
 -0.14000000000000370        3.4350318315162056        0.0000000000000000     
 -0.13666666666667038        3.4477558132655002        0.0000000000000000     
 -0.13333333333333705        3.4607473103961874        0.0000000000000000     
 -0.13000000000000372        3.4740205632648022        0.0000000000000000     
 -0.12666666666667040        3.4875901590309075        0.0000000000000000     
 -0.12333333333333707        3.5014709258249619        0.0000000000000000     
 -0.12000000000000374        3.5156777755793485        0.0000000000000000     
 -0.11666666666667042        3.5302254758939395        0.0000000000000000     
 -0.11333333333333709        3.5451283235044979        0.0000000000000000     
 -0.11000000000000376        3.5603996807099971        0.0000000000000000     
 -0.10666666666667043        3.5760513198269210        0.0000000000000000     
 -0.10333333333333711        3.5920924967951247        0.0000000000000000     
 -0.10000000000000378        3.6085286394044718        0.0000000000000000     
  -9.6666666666670453E-002   3.6253594817554857        0.0000000000000000     
  -9.3333333333337126E-002   3.6425763939442244        0.0000000000000000     
  -9.0000000000003799E-002   3.6601585270225718        0.0000000000000000     
  -8.6666666666670472E-002   3.6780671882475127        0.0000000000000000     
  -8.3333333333337145E-002   3.6962375287571350        0.0000000000000000     
  -8.0000000000003818E-002   3.7145660728699808        0.0000000000000000     
  -7.6666666666670491E-002   3.7328916761073012        0.0000000000000000     
  -7.3333333333337164E-002   3.7509658480283181        0.0000000000000000     
  -7.0000000000003837E-002   3.7684053904928141        0.0000000000000000     
  -6.6666666666670510E-002   3.7846147117826723        0.0000000000000000     
  -6.3333333333337183E-002   3.7986542959610610        0.0000000000000000     
  -6.0000000000003849E-002   3.8090097010815320        0.0000000000000000     
  -5.6666666666670515E-002   3.8131684109517394        0.0000000000000000     
  -5.3333333333337181E-002   3.8068067335100757        0.0000000000000000     
  -5.0000000000003847E-002   3.7821429977940939        0.0000000000000000     
  -4.6666666666670513E-002   3.7244215079772474        0.0000000000000000     
  -4.3333333333337179E-002   3.6041235437325412        0.0000000000000000     
  -4.0000000000003845E-002   3.3603495599168749        0.0000000000000000     
  -3.6666666666670511E-002   2.8781328077896742        0.0000000000000000     
  -3.3333333333337177E-002   2.0722502158226455        0.0000000000000000     
  -3.0000000000003843E-002   1.4311325909534964        0.0000000000000000     
  -2.6666666666670509E-002   1.3948132696084588        0.0000000000000000     
  -2.3333333333337175E-002   1.5718949182823290        0.0000000000000000     
  -2.0000000000003841E-002   1.7935207288817967        0.0000000000000000     
  -1.6666666666670507E-002   2.0257663039509231        0.0000000000000000     
  -1.3333333333337173E-002   2.2632006767714539        0.0000000000000000     
  -1.0000000000003839E-002   2.5084195953176036        0.0000000000000000     
  -6.6666666666705052E-003   2.7695520029204985        0.0000000000000000     
  -3.3333333333371716E-003   3.0495166669982292        0.0000000000000000     
  -3.8380756905986857E-015   1.5707963268015006        0.0000000000000000     
