  -1.0000000000000000        1.5707963267948966        0.0000000000000000     
 -0.99666666666666670        1.5711611443491156        0.0000000000000000     
 -0.99333333333333340        1.5715255873689820        0.0000000000000000     
 -0.99000000000000010        1.5718898500623828        0.0000000000000000     
 -0.98666666666666680        1.5722541270739021        0.0000000000000000     
 -0.98333333333333350        1.5726186134562452        0.0000000000000000     
 -0.98000000000000020        1.5729835046410656        0.0000000000000000     
 -0.97666666666666690        1.5733489964091225        0.0000000000000000     
 -0.97333333333333361        1.5737152848598033        0.0000000000000000     
 -0.97000000000000031        1.5740825663799523        0.0000000000000000     
 -0.96666666666666701        1.5744510376120262        0.0000000000000000     
 -0.96333333333333371        1.5748208954215401        0.0000000000000000     
 -0.96000000000000041        1.5751923368637821        0.0000000000000000     
 -0.95666666666666711        1.5755655591498055        0.0000000000000000     
 -0.95333333333333381        1.5759407596116410        0.0000000000000000     
 -0.95000000000000051        1.5763181356667448        0.0000000000000000     
 -0.94666666666666721        1.5766978847816540        0.0000000000000000     
 -0.94333333333333391        1.5770802044348056        0.0000000000000000     
 -0.94000000000000061        1.5774652920785446        0.0000000000000000     
 -0.93666666666666731        1.5778533451002583        0.0000000000000000     
 -0.93333333333333401        1.5782445607826434        0.0000000000000000     
 -0.93000000000000071        1.5786391362630641        0.0000000000000000     
 -0.92666666666666742        1.5790372684920060        0.0000000000000000     
 -0.92333333333333412        1.5794391541905786        0.0000000000000000     
 -0.92000000000000082        1.5798449898070601        0.0000000000000000     
 -0.91666666666666752        1.5802549714724539        0.0000000000000000     
 -0.91333333333333422        1.5806692949550503        0.0000000000000000     
 -0.91000000000000092        1.5810881556139442        0.0000000000000000     
 -0.90666666666666762        1.5815117483515189        0.0000000000000000     
 -0.90333333333333432        1.5819402675648488        0.0000000000000000     
 -0.90000000000000102        1.5823739070960066        0.0000000000000000     
 -0.89666666666666772        1.5828128601812677        0.0000000000000000     
 -0.89333333333333442        1.5832573193991555        0.0000000000000000     
 -0.89000000000000112        1.5837074766173560        0.0000000000000000     
 -0.88666666666666782        1.5841635229384192        0.0000000000000000     
 -0.88333333333333452        1.5846256486442856        0.0000000000000000     
 -0.88000000000000123        1.5850940431395730        0.0000000000000000     
 -0.87666666666666793        1.5855688948936337        0.0000000000000000     
 -0.87333333333333463        1.5860503913813306        0.0000000000000000     
 -0.87000000000000133        1.5865387190225555        0.0000000000000000     
 -0.86666666666666803        1.5870340631204147        0.0000000000000000     
 -0.86333333333333473        1.5875366077981232        0.0000000000000000     
 -0.86000000000000143        1.5880465359345386        0.0000000000000000     
 -0.85666666666666813        1.5885640290983620        0.0000000000000000     
 -0.85333333333333483        1.5890892674809374        0.0000000000000000     
 -0.85000000000000153        1.5896224298276993        0.0000000000000000     
 -0.84666666666666823        1.5901636933681944        0.0000000000000000     
 -0.84333333333333493        1.5907132337446945        0.0000000000000000     
 -0.84000000000000163        1.5912712249393879        0.0000000000000000     
 -0.83666666666666833        1.5918378392001287        0.0000000000000000     
 -0.83333333333333504        1.5924132469647425        0.0000000000000000     
 -0.83000000000000174        1.5929976167838642        0.0000000000000000     
 -0.82666666666666844        1.5935911152423354        0.0000000000000000     
 -0.82333333333333514        1.5941939068790965        0.0000000000000000     
 -0.82000000000000184        1.5948061541056473        0.0000000000000000     
 -0.81666666666666854        1.5954280171230004        0.0000000000000000     
 -0.81333333333333524        1.5960596538371734        0.0000000000000000     
 -0.81000000000000194        1.5967012197731980        0.0000000000000000     
 -0.80666666666666864        1.5973528679876678        0.0000000000000000     
 -0.80333333333333534        1.5980147489798109        0.0000000000000000     
 -0.80000000000000204        1.5986870106011004        0.0000000000000000     
 -0.79666666666666874        1.5993697979634327        0.0000000000000000     
 -0.79333333333333544        1.6000632533458516        0.0000000000000000     
 -0.79000000000000214        1.6007675160998518        0.0000000000000000     
 -0.78666666666666885        1.6014827225532897        0.0000000000000000     
 -0.78333333333333555        1.6022090059128944        0.0000000000000000     
 -0.78000000000000225        1.6029464961654323        0.0000000000000000     
 -0.77666666666666895        1.6036953199775141        0.0000000000000000     
 -0.77333333333333565        1.6044556005941171        0.0000000000000000     
 -0.77000000000000235        1.6052274577358252        0.0000000000000000     
 -0.76666666666666905        1.6060110074948148        0.0000000000000000     
 -0.76333333333333575        1.6068063622296571        0.0000000000000000     
 -0.76000000000000245        1.6076136304589703        0.0000000000000000     
 -0.75666666666666915        1.6084329167539335        0.0000000000000000     
 -0.75333333333333585        1.6092643216297655        0.0000000000000000     
 -0.75000000000000255        1.6101079414361847        0.0000000000000000     
 -0.74666666666666925        1.6109638682469267        0.0000000000000000     
 -0.74333333333333595        1.6118321897483843        0.0000000000000000     
 -0.74000000000000266        1.6127129891274181        0.0000000000000000     
 -0.73666666666666936        1.6136063449584315        0.0000000000000000     
 -0.73333333333333606        1.6145123310897922        0.0000000000000000     
 -0.73000000000000276        1.6154310165296430        0.0000000000000000     
 -0.72666666666666946        1.6163624653312509        0.0000000000000000     
 -0.72333333333333616        1.6173067364779246        0.0000000000000000     
 -0.72000000000000286        1.6182638837676546        0.0000000000000000     
 -0.71666666666666956        1.6192339556975304        0.0000000000000000     
 -0.71333333333333626        1.6202169953481067        0.0000000000000000     
 -0.71000000000000296        1.6212130402677545        0.0000000000000000     
 -0.70666666666666966        1.6222221223572149        0.0000000000000000     
 -0.70333333333333636        1.6232442677543881        0.0000000000000000     
 -0.70000000000000306        1.6242794967196030        0.0000000000000000     
 -0.69666666666666976        1.6253278235213844        0.0000000000000000     
 -0.69333333333333647        1.6263892563230138        0.0000000000000000     
 -0.69000000000000317        1.6274637970699080        0.0000000000000000     
 -0.68666666666666987        1.6285514413780704        0.0000000000000000     
 -0.68333333333333657        1.6296521784237832        0.0000000000000000     
 -0.68000000000000327        1.6307659908346677        0.0000000000000000     
 -0.67666666666666997        1.6318928545823759        0.0000000000000000     
 -0.67333333333333667        1.6330327388770804        0.0000000000000000     
 -0.67000000000000337        1.6341856060639766        0.0000000000000000     
 -0.66666666666667007        1.6353514115220278        0.0000000000000000     
 -0.66333333333333677        1.6365301035651914        0.0000000000000000     
 -0.66000000000000347        1.6377216233463403        0.0000000000000000     
 -0.65666666666667017        1.6389259047641822        0.0000000000000000     
 -0.65333333333333687        1.6401428743733903        0.0000000000000000     
 -0.65000000000000357        1.6413724512982810        0.0000000000000000     
 -0.64666666666667028        1.6426145471502649        0.0000000000000000     
 -0.64333333333333698        1.6438690659494306        0.0000000000000000     
 -0.64000000000000368        1.6451359040505620        0.0000000000000000     
 -0.63666666666667038        1.6464149500738925        0.0000000000000000     
 -0.63333333333333708        1.6477060848409817        0.0000000000000000     
 -0.63000000000000378        1.6490091813160723        0.0000000000000000     
 -0.62666666666667048        1.6503241045532682        0.0000000000000000     
 -0.62333333333333718        1.6516507116499732        0.0000000000000000     
 -0.62000000000000388        1.6529888517069764        0.0000000000000000     
 -0.61666666666667058        1.6543383657956203        0.0000000000000000     
 -0.61333333333333728        1.6556990869325099        0.0000000000000000     
 -0.61000000000000398        1.6570708400622056        0.0000000000000000     
 -0.60666666666667068        1.6584534420484376        0.0000000000000000     
 -0.60333333333333738        1.6598467016742997        0.0000000000000000     
 -0.60000000000000409        1.6612504196519777        0.0000000000000000     
 -0.59666666666667079        1.6626643886426005        0.0000000000000000     
 -0.59333333333333749        1.6640883932867483        0.0000000000000000     
 -0.59000000000000419        1.6655222102462430        0.0000000000000000     
 -0.58666666666667089        1.6669656082578825        0.0000000000000000     
 -0.58333333333333759        1.6684183481997359        0.0000000000000000     
 -0.58000000000000429        1.6698801831707433        0.0000000000000000     
 -0.57666666666667099        1.6713508585842920        0.0000000000000000     
 -0.57333333333333769        1.6728301122765707        0.0000000000000000     
 -0.57000000000000439        1.6743176746304653        0.0000000000000000     
 -0.56666666666667109        1.6758132687158289        0.0000000000000000     
 -0.56333333333333779        1.6773166104469821        0.0000000000000000     
 -0.56000000000000449        1.6788274087583617        0.0000000000000000     
 -0.55666666666667119        1.6803453657992136        0.0000000000000000     
 -0.55333333333333790        1.6818701771483666        0.0000000000000000     
 -0.55000000000000460        1.6834015320500735        0.0000000000000000     
 -0.54666666666667130        1.6849391136719774        0.0000000000000000     
 -0.54333333333333800        1.6864825993863601        0.0000000000000000     
 -0.54000000000000470        1.6880316610757873        0.0000000000000000     
 -0.53666666666667140        1.6895859654643830        0.0000000000000000     
 -0.53333333333333810        1.6911451744760082        0.0000000000000000     
 -0.53000000000000480        1.6927089456206212        0.0000000000000000     
 -0.52666666666667150        1.6942769324102176        0.0000000000000000     
 -0.52333333333333820        1.6958487848057597        0.0000000000000000     
 -0.52000000000000490        1.6974241496965907        0.0000000000000000     
 -0.51666666666667160        1.6990026714138362        0.0000000000000000     
 -0.51333333333333830        1.7005839922794408        0.0000000000000000     
 -0.51000000000000500        1.7021677531924457        0.0000000000000000     
 -0.50666666666667171        1.7037535942542745        0.0000000000000000     
 -0.50333333333333841        1.7053411554347420        0.0000000000000000     
 -0.50000000000000511        1.7069300772807074        0.0000000000000000     
 -0.49666666666667175        1.7085200016691844        0.0000000000000000     
 -0.49333333333333840        1.7101105726069437        0.0000000000000000     
 -0.49000000000000504        1.7117014370785735        0.0000000000000000     
 -0.48666666666667169        1.7132922459450932        0.0000000000000000     
 -0.48333333333333833        1.7148826548952700        0.0000000000000000     
 -0.48000000000000498        1.7164723254517735        0.0000000000000000     
 -0.47666666666667162        1.7180609260344524        0.0000000000000000     
 -0.47333333333333827        1.7196481330829745        0.0000000000000000     
 -0.47000000000000491        1.7212336322411452        0.0000000000000000     
 -0.46666666666667156        1.7228171196052697        0.0000000000000000     
 -0.46333333333333820        1.7243983030389010        0.0000000000000000     
 -0.46000000000000485        1.7259769035563812        0.0000000000000000     
 -0.45666666666667149        1.7275526567775441        0.0000000000000000     
 -0.45333333333333814        1.7291253144559893        0.0000000000000000     
 -0.45000000000000479        1.7306946460832406        0.0000000000000000     
 -0.44666666666667143        1.7322604405711814        0.0000000000000000     
 -0.44333333333333808        1.7338225080149723        0.0000000000000000     
 -0.44000000000000472        1.7353806815386970        0.0000000000000000     
 -0.43666666666667137        1.7369348192258229        0.0000000000000000     
 -0.43333333333333801        1.7384848061364524        0.0000000000000000     
 -0.43000000000000466        1.7400305564132292        0.0000000000000000     
 -0.42666666666667130        1.7415720154775456        0.0000000000000000     
 -0.42333333333333795        1.7431091623175121        0.0000000000000000     
 -0.42000000000000459        1.7446420118689083        0.0000000000000000     
 -0.41666666666667124        1.7461706174900318        0.0000000000000000     
 -0.41333333333333788        1.7476950735310561        0.0000000000000000     
 -0.41000000000000453        1.7492155179981324        0.0000000000000000     
 -0.40666666666667117        1.7507321353120273        0.0000000000000000     
 -0.40333333333333782        1.7522451591606552        0.0000000000000000     
 -0.40000000000000446        1.7537548754442758        0.0000000000000000     
 -0.39666666666667111        1.7552616253115809        0.0000000000000000     
 -0.39333333333333775        1.7567658082842093        0.0000000000000000     
 -0.39000000000000440        1.7582678854664846        0.0000000000000000     
 -0.38666666666667104        1.7597683828364326        0.0000000000000000     
 -0.38333333333333769        1.7612678946131455        0.0000000000000000     
 -0.38000000000000433        1.7627670866947249        0.0000000000000000     
 -0.37666666666667098        1.7642667001599055        0.0000000000000000     
 -0.37333333333333762        1.7657675548253715        0.0000000000000000     
 -0.37000000000000427        1.7672705528495576        0.0000000000000000     
 -0.36666666666667092        1.7687766823724584        0.0000000000000000     
 -0.36333333333333756        1.7702870211795112        0.0000000000000000     
 -0.36000000000000421        1.7718027403762326        0.0000000000000000     
 -0.35666666666667085        1.7733251080586483        0.0000000000000000     
 -0.35333333333333750        1.7748554929630007        0.0000000000000000     
 -0.35000000000000414        1.7763953680763991        0.0000000000000000     
 -0.34666666666667079        1.7779463141883964        0.0000000000000000     
 -0.34333333333333743        1.7795100233615218        0.0000000000000000     
 -0.34000000000000408        1.7810883022969795        0.0000000000000000     
 -0.33666666666667072        1.7826830755697076        0.0000000000000000     
 -0.33333333333333737        1.7842963887050387        0.0000000000000000     
 -0.33000000000000401        1.7859304110672394        0.0000000000000000     
 -0.32666666666667066        1.7875874385281416        0.0000000000000000     
 -0.32333333333333730        1.7892698958822066        0.0000000000000000     
 -0.32000000000000395        1.7909803389723675        0.0000000000000000     
 -0.31666666666667059        1.7927214564892340        0.0000000000000000     
 -0.31333333333333724        1.7944960714043729        0.0000000000000000     
 -0.31000000000000388        1.7963071419969248        0.0000000000000000     
 -0.30666666666667053        1.7981577624311749        0.0000000000000000     
 -0.30333333333333717        1.8000511628415636        0.0000000000000000     
 -0.30000000000000382        1.8019907088804581        0.0000000000000000     
 -0.29666666666667046        1.8039799006832296        0.0000000000000000     
 -0.29333333333333711        1.8060223712046592        0.0000000000000000     
 -0.29000000000000375        1.8081218838804061        0.0000000000000000     
 -0.28666666666667040        1.8102823295674133        0.0000000000000000     
 -0.28333333333333705        1.8125077227175732        0.0000000000000000     
 -0.28000000000000369        1.8148021967397505        0.0000000000000000     
 -0.27666666666667034        1.8171699985065020        0.0000000000000000     
 -0.27333333333333698        1.8196154819634092        0.0000000000000000     
 -0.27000000000000363        1.8221431008008997        0.0000000000000000     
 -0.26666666666667027        1.8247574001507736        0.0000000000000000     
 -0.26333333333333692        1.8274630072723141        0.0000000000000000     
 -0.26000000000000356        1.8302646211959339        0.0000000000000000     
 -0.25666666666667021        1.8331670012953898        0.0000000000000000     
 -0.25333333333333685        1.8361749547632884        0.0000000000000000     
 -0.25000000000000350        1.8392933229678736        0.0000000000000000     
 -0.24666666666667017        1.8425269666729831        0.0000000000000000     
 -0.24333333333333684        1.8458807501062535        0.0000000000000000     
 -0.24000000000000352        1.8493595238641904        0.0000000000000000     
 -0.23666666666667019        1.8529681066454529        0.0000000000000000     
 -0.23333333333333686        1.8567112658061860        0.0000000000000000     
 -0.23000000000000353        1.8605936967328764        0.0000000000000000     
 -0.22666666666667021        1.8646200010290097        0.0000000000000000     
 -0.22333333333333688        1.8687946635114541        0.0000000000000000     
 -0.22000000000000355        1.8731220280107985        0.0000000000000000     
 -0.21666666666667023        1.8776062719665763        0.0000000000000000     
 -0.21333333333333690        1.8822513798031901        0.0000000000000000     
 -0.21000000000000357        1.8870611150649046        0.0000000000000000     
 -0.20666666666667025        1.8920389912785720        0.0000000000000000     
 -0.20333333333333692        1.8971882415000969        0.0000000000000000     
 -0.20000000000000359        1.9025117864847485        0.0000000000000000     
 -0.19666666666667026        1.9080122014021905        0.0000000000000000     
 -0.19333333333333694        1.9136916809934650        0.0000000000000000     
 -0.19000000000000361        1.9195520030392714        0.0000000000000000     
 -0.18666666666667028        1.9255944899757786        0.0000000000000000     
 -0.18333333333333696        1.9318199684552613        0.0000000000000000     
 -0.18000000000000363        1.9382287266035088        0.0000000000000000     
 -0.17666666666667030        1.9448204686730735        0.0000000000000000     
 -0.17333333333333698        1.9515942667302437        0.0000000000000000     
 -0.17000000000000365        1.9585485089427279        0.0000000000000000     
 -0.16666666666667032        1.9656808439529194        0.0000000000000000     
 -0.16333333333333699        1.9729881207269737        0.0000000000000000     
 -0.16000000000000367        1.9804663231600683        0.0000000000000000     
 -0.15666666666667034        1.9881104985913538        0.0000000000000000     
 -0.15333333333333701        1.9959146792348017        0.0000000000000000     
 -0.15000000000000369        2.0038717953612877        0.0000000000000000     
 -0.14666666666667036        2.0119735788685236        0.0000000000000000     
 -0.14333333333333703        2.0202104556440132        0.0000000000000000     
 -0.14000000000000370        2.0285714248561670        0.0000000000000000     
 -0.13666666666667038        2.0370439229935116        0.0000000000000000     
 -0.13333333333333705        2.0456136701030436        0.0000000000000000     
 -0.13000000000000372        2.0542644952474931        0.0000000000000000     
 -0.12666666666667040        2.0629781376962200        0.0000000000000000     
 -0.12333333333333707        2.0717340197737775        0.0000000000000000     
 -0.12000000000000374        2.0805089865999244        0.0000000000000000     
 -0.11666666666667042        2.0892770071499545        0.0000000000000000     
 -0.11333333333333709        2.0980088301289319        0.0000000000000000     
 -0.11000000000000376        2.1066715870719093        0.0000000000000000     
 -0.10666666666667043        2.1152283338406197        0.0000000000000000     
 -0.10333333333333711        2.1236375202761835        0.0000000000000000     
 -0.10000000000000378        2.1318523761868327        0.0000000000000000     
  -9.6666666666670453E-002   2.1398202001159263        0.0000000000000000     
  -9.3333333333337126E-002   2.1474815354925170        0.0000000000000000     
  -9.0000000000003799E-002   2.1547692169030461        0.0000000000000000     
  -8.6666666666670472E-002   2.1616072674985038        0.0000000000000000     
  -8.3333333333337145E-002   2.1679096272352947        0.0000000000000000     
  -8.0000000000003818E-002   2.1735786911768398        0.0000000000000000     
  -7.6666666666670491E-002   2.1785036381405924        0.0000000000000000     
  -7.3333333333337164E-002   2.1825585336131712        0.0000000000000000     
  -7.0000000000003837E-002   2.1856001986503100        0.0000000000000000     
  -6.6666666666670510E-002   2.1874658507453679        0.0000000000000000     
  -6.3333333333337183E-002   2.1879705467112425        0.0000000000000000     
  -6.0000000000003849E-002   2.1869044961056061        0.0000000000000000     
  -5.6666666666670515E-002   2.1840303728487784        0.0000000000000000     
  -5.3333333333337181E-002   2.1790808403331532        0.0000000000000000     
  -5.0000000000003847E-002   2.1717566307171574        0.0000000000000000     
  -4.6666666666670513E-002   2.1617256913980203        0.0000000000000000     
  -4.3333333333337179E-002   2.1486241367231078        0.0000000000000000     
  -4.0000000000003845E-002   2.1320600169901809        0.0000000000000000     
  -3.6666666666670511E-002   2.1116212152525491        0.0000000000000000     
  -3.3333333333337177E-002   2.0868890441715795        0.0000000000000000     
  -3.0000000000003843E-002   2.0574592227678790        0.0000000000000000     
  -2.6666666666670509E-002   2.0229716783301828        0.0000000000000000     
  -2.3333333333337175E-002   1.9831497918985190        0.0000000000000000     
  -2.0000000000003841E-002   1.9378480361768979        0.0000000000000000     
  -1.6666666666670507E-002   1.8871043356402404        0.0000000000000000     
  -1.3333333333337173E-002   1.8311901705253670        0.0000000000000000     
  -1.0000000000003839E-002   1.7706482938949015        0.0000000000000000     
  -6.6666666666705052E-003   1.7063063735548525        0.0000000000000000     
  -3.3333333333371716E-003   1.6392565142864548        0.0000000000000000     
  -3.8380756905986857E-015   1.5707963267949756        0.0000000000000000     
