  -1.0000000000000000        1.5707963267948966        0.0000000000000000     
 -0.99666666666666670        1.5722835210838282        0.0000000000000000     
 -0.99333333333333340        1.5737705984346746        0.0000000000000000     
 -0.99000000000000010        1.5752575648702236        0.0000000000000000     
 -0.98666666666666680        1.5767444264837065        0.0000000000000000     
 -0.98333333333333350        1.5782311894331120        0.0000000000000000     
 -0.98000000000000020        1.5797178599356083        0.0000000000000000     
 -0.97666666666666690        1.5812044442620619        0.0000000000000000     
 -0.97333333333333361        1.5826909487316496        0.0000000000000000     
 -0.97000000000000031        1.5841773797065752        0.0000000000000000     
 -0.96666666666666701        1.5856637435868846        0.0000000000000000     
 -0.96333333333333371        1.5871500468053732        0.0000000000000000     
 -0.96000000000000041        1.5886362958226052        0.0000000000000000     
 -0.95666666666666711        1.5901224971220238        0.0000000000000000     
 -0.95333333333333381        1.5916086572051749        0.0000000000000000     
 -0.95000000000000051        1.5930947825870243        0.0000000000000000     
 -0.94666666666666721        1.5945808797913903        0.0000000000000000     
 -0.94333333333333391        1.5960669553464801        0.0000000000000000     
 -0.94000000000000061        1.5975530157805404        0.0000000000000000     
 -0.93666666666666731        1.5990390676176185        0.0000000000000000     
 -0.93333333333333401        1.6005251173734401        0.0000000000000000     
 -0.93000000000000071        1.6020111715514089        0.0000000000000000     
 -0.92666666666666742        1.6034972366387243        0.0000000000000000     
 -0.92333333333333412        1.6049833191026319        0.0000000000000000     
 -0.92000000000000082        1.6064694253867942        0.0000000000000000     
 -0.91666666666666752        1.6079555619078034        0.0000000000000000     
 -0.91333333333333422        1.6094417350518284        0.0000000000000000     
 -0.91000000000000092        1.6109279511714014        0.0000000000000000     
 -0.90666666666666762        1.6124142165823572        0.0000000000000000     
 -0.90333333333333432        1.6139005375609188        0.0000000000000000     
 -0.90000000000000102        1.6153869203409377        0.0000000000000000     
 -0.89666666666666772        1.6168733711113064        0.0000000000000000     
 -0.89333333333333442        1.6183598960135239        0.0000000000000000     
 -0.89000000000000112        1.6198465011394423        0.0000000000000000     
 -0.88666666666666782        1.6213331925291916        0.0000000000000000     
 -0.88333333333333452        1.6228199761692863        0.0000000000000000     
 -0.88000000000000123        1.6243068579909223        0.0000000000000000     
 -0.87666666666666793        1.6257938438684743        0.0000000000000000     
 -0.87333333333333463        1.6272809396181911        0.0000000000000000     
 -0.87000000000000133        1.6287681509971097        0.0000000000000000     
 -0.86666666666666803        1.6302554837021759        0.0000000000000000     
 -0.86333333333333473        1.6317429433695989        0.0000000000000000     
 -0.86000000000000143        1.6332305355744308        0.0000000000000000     
 -0.85666666666666813        1.6347182658303892        0.0000000000000000     
 -0.85333333333333483        1.6362061395899248        0.0000000000000000     
 -0.85000000000000153        1.6376941622445398        0.0000000000000000     
 -0.84666666666666823        1.6391823391253777        0.0000000000000000     
 -0.84333333333333493        1.6406706755040699        0.0000000000000000     
 -0.84000000000000163        1.6421591765938752        0.0000000000000000     
 -0.83666666666666833        1.6436478475510916        0.0000000000000000     
 -0.83333333333333504        1.6451366934767726        0.0000000000000000     
 -0.83000000000000174        1.6466257194187435        0.0000000000000000     
 -0.82666666666666844        1.6481149303739249        0.0000000000000000     
 -0.82333333333333514        1.6496043312909907        0.0000000000000000     
 -0.82000000000000184        1.6510939270733309        0.0000000000000000     
 -0.81666666666666854        1.6525837225823758        0.0000000000000000     
 -0.81333333333333524        1.6540737226412539        0.0000000000000000     
 -0.81000000000000194        1.6555639320388067        0.0000000000000000     
 -0.80666666666666864        1.6570543555339690        0.0000000000000000     
 -0.80333333333333534        1.6585449978605185        0.0000000000000000     
 -0.80000000000000204        1.6600358637322132        0.0000000000000000     
 -0.79666666666666874        1.6615269578483129        0.0000000000000000     
 -0.79333333333333544        1.6630182848995017        0.0000000000000000     
 -0.79000000000000214        1.6645098495742157        0.0000000000000000     
 -0.78666666666666885        1.6660016565653915        0.0000000000000000     
 -0.78333333333333555        1.6674937105776348        0.0000000000000000     
 -0.78000000000000225        1.6689860163348251        0.0000000000000000     
 -0.77666666666666895        1.6704785785881531        0.0000000000000000     
 -0.77333333333333565        1.6719714021246190        0.0000000000000000     
 -0.77000000000000235        1.6734644917759753        0.0000000000000000     
 -0.76666666666666905        1.6749578524281417        0.0000000000000000     
 -0.76333333333333575        1.6764514890310847        0.0000000000000000     
 -0.76000000000000245        1.6779454066091803        0.0000000000000000     
 -0.75666666666666915        1.6794396102720550        0.0000000000000000     
 -0.75333333333333585        1.6809341052259226        0.0000000000000000     
 -0.75000000000000255        1.6824288967854135        0.0000000000000000     
 -0.74666666666666925        1.6839239903859058        0.0000000000000000     
 -0.74333333333333595        1.6854193915963647        0.0000000000000000     
 -0.74000000000000266        1.6869151061326868        0.0000000000000000     
 -0.73666666666666936        1.6884111398715651        0.0000000000000000     
 -0.73333333333333606        1.6899074988648624        0.0000000000000000     
 -0.73000000000000276        1.6914041893545126        0.0000000000000000     
 -0.72666666666666946        1.6929012177879366        0.0000000000000000     
 -0.72333333333333616        1.6943985908339743        0.0000000000000000     
 -0.72000000000000286        1.6958963153993538        0.0000000000000000     
 -0.71666666666666956        1.6973943986456563        0.0000000000000000     
 -0.71333333333333626        1.6988928480068239        0.0000000000000000     
 -0.71000000000000296        1.7003916712071607        0.0000000000000000     
 -0.70666666666666966        1.7018908762798513        0.0000000000000000     
 -0.70333333333333636        1.7033904715859871        0.0000000000000000     
 -0.70000000000000306        1.7048904658340807        0.0000000000000000     
 -0.69666666666666976        1.7063908681000726        0.0000000000000000     
 -0.69333333333333647        1.7078916878478183        0.0000000000000000     
 -0.69000000000000317        1.7093929349500374        0.0000000000000000     
 -0.68666666666666987        1.7108946197097139        0.0000000000000000     
 -0.68333333333333657        1.7123967528819408        0.0000000000000000     
 -0.68000000000000327        1.7138993456961800        0.0000000000000000     
 -0.67666666666666997        1.7154024098789249        0.0000000000000000     
 -0.67333333333333667        1.7169059576767403        0.0000000000000000     
 -0.67000000000000337        1.7184100018796600        0.0000000000000000     
 -0.66666666666667007        1.7199145558449178        0.0000000000000000     
 -0.66333333333333677        1.7214196335209675        0.0000000000000000     
 -0.66000000000000347        1.7229252494717875        0.0000000000000000     
 -0.65666666666667017        1.7244314189014003        0.0000000000000000     
 -0.65333333333333687        1.7259381576786104        0.0000000000000000     
 -0.65000000000000357        1.7274454823618814        0.0000000000000000     
 -0.64666666666667028        1.7289534102243282        0.0000000000000000     
 -0.64333333333333698        1.7304619592787776        0.0000000000000000     
 -0.64000000000000368        1.7319711483028337        0.0000000000000000     
 -0.63666666666667038        1.7334809968639029        0.0000000000000000     
 -0.63333333333333708        1.7349915253441137        0.0000000000000000     
 -0.63000000000000378        1.7365027549650667        0.0000000000000000     
 -0.62666666666667048        1.7380147078123462        0.0000000000000000     
 -0.62333333333333718        1.7395274068597149        0.0000000000000000     
 -0.62000000000000388        1.7410408759929361        0.0000000000000000     
 -0.61666666666667058        1.7425551400330876        0.0000000000000000     
 -0.61333333333333728        1.7440702247593365        0.0000000000000000     
 -0.61000000000000398        1.7455861569310400        0.0000000000000000     
 -0.60666666666667068        1.7471029643090783        0.0000000000000000     
 -0.60333333333333738        1.7486206756763165        0.0000000000000000     
 -0.60000000000000409        1.7501393208570801        0.0000000000000000     
 -0.59666666666667079        1.7516589307354991        0.0000000000000000     
 -0.59333333333333749        1.7531795372726280        0.0000000000000000     
 -0.59000000000000419        1.7547011735221749        0.0000000000000000     
 -0.58666666666667089        1.7562238736446962        0.0000000000000000     
 -0.58333333333333759        1.7577476729201102        0.0000000000000000     
 -0.58000000000000429        1.7592726077583634        0.0000000000000000     
 -0.57666666666667099        1.7607987157080704        0.0000000000000000     
 -0.57333333333333769        1.7623260354629537        0.0000000000000000     
 -0.57000000000000439        1.7638546068658763        0.0000000000000000     
 -0.56666666666667109        1.7653844709102831        0.0000000000000000     
 -0.56333333333333779        1.7669156697388184        0.0000000000000000     
 -0.56000000000000449        1.7684482466388991        0.0000000000000000     
 -0.55666666666667119        1.7699822460350108        0.0000000000000000     
 -0.55333333333333790        1.7715177134774756        0.0000000000000000     
 -0.55000000000000460        1.7730546956274233        0.0000000000000000     
 -0.54666666666667130        1.7745932402376905        0.0000000000000000     
 -0.54333333333333800        1.7761333961293675        0.0000000000000000     
 -0.54000000000000470        1.7776752131636742        0.0000000000000000     
 -0.53666666666667140        1.7792187422088628        0.0000000000000000     
 -0.53333333333333810        1.7807640351018021        0.0000000000000000     
 -0.53000000000000480        1.7823111446038851        0.0000000000000000     
 -0.52666666666667150        1.7838601243509267        0.0000000000000000     
 -0.52333333333333820        1.7854110287966269        0.0000000000000000     
 -0.52000000000000490        1.7869639131492341        0.0000000000000000     
 -0.51666666666667160        1.7885188333009596        0.0000000000000000     
 -0.51333333333333830        1.7900758457497379        0.0000000000000000     
 -0.51000000000000500        1.7916350075128542        0.0000000000000000     
 -0.50666666666667171        1.7931963760319602        0.0000000000000000     
 -0.50333333333333841        1.7947600090690083        0.0000000000000000     
 -0.50000000000000511        1.7963259645925582        0.0000000000000000     
 -0.49666666666667175        1.7978943006539319        0.0000000000000000     
 -0.49333333333333840        1.7994650752526558        0.0000000000000000     
 -0.49000000000000504        1.8010383461905994        0.0000000000000000     
 -0.48666666666667169        1.8026141709142132        0.0000000000000000     
 -0.48333333333333833        1.8041926063442233        0.0000000000000000     
 -0.48000000000000498        1.8057737086921384        0.0000000000000000     
 -0.47666666666667162        1.8073575332628822        0.0000000000000000     
 -0.47333333333333827        1.8089441342428436        0.0000000000000000     
 -0.47000000000000491        1.8105335644726139        0.0000000000000000     
 -0.46666666666667156        1.8121258752036520        0.0000000000000000     
 -0.46333333333333820        1.8137211158380859        0.0000000000000000     
 -0.46000000000000485        1.8153193336508378        0.0000000000000000     
 -0.45666666666667149        1.8169205734932223        0.0000000000000000     
 -0.45333333333333814        1.8185248774771552        0.0000000000000000     
 -0.45000000000000479        1.8201322846390453        0.0000000000000000     
 -0.44666666666667143        1.8217428305824623        0.0000000000000000     
 -0.44333333333333808        1.8233565470985915        0.0000000000000000     
 -0.44000000000000472        1.8249734617634839        0.0000000000000000     
 -0.43666666666667137        1.8265935975110712        0.0000000000000000     
 -0.43333333333333801        1.8282169721808843        0.0000000000000000     
 -0.43000000000000466        1.8298435980393690        0.0000000000000000     
 -0.42666666666667130        1.8314734812736722        0.0000000000000000     
 -0.42333333333333795        1.8331066214567318        0.0000000000000000     
 -0.42000000000000459        1.8347430109824612        0.0000000000000000     
 -0.41666666666667124        1.8363826344698069        0.0000000000000000     
 -0.41333333333333788        1.8380254681343777        0.0000000000000000     
 -0.41000000000000453        1.8396714791263591        0.0000000000000000     
 -0.40666666666667117        1.8413206248333533        0.0000000000000000     
 -0.40333333333333782        1.8429728521467539        0.0000000000000000     
 -0.40000000000000446        1.8446280966902424        0.0000000000000000     
 -0.39666666666667111        1.8462862820089208        0.0000000000000000     
 -0.39333333333333775        1.8479473187176121        0.0000000000000000     
 -0.39000000000000440        1.8496111036067415        0.0000000000000000     
 -0.38666666666667104        1.8512775187042525        0.0000000000000000     
 -0.38333333333333769        1.8529464302919232        0.0000000000000000     
 -0.38000000000000433        1.8546176878744025        0.0000000000000000     
 -0.37666666666667098        1.8562911230992829        0.0000000000000000     
 -0.37333333333333762        1.8579665486264560        0.0000000000000000     
 -0.37000000000000427        1.8596437569449571        0.0000000000000000     
 -0.36666666666667092        1.8613225191354883        0.0000000000000000     
 -0.36333333333333756        1.8630025835767170        0.0000000000000000     
 -0.36000000000000421        1.8646836745934863        0.0000000000000000     
 -0.35666666666667085        1.8663654910449408        0.0000000000000000     
 -0.35333333333333750        1.8680477048506039        0.0000000000000000     
 -0.35000000000000414        1.8697299594523717        0.0000000000000000     
 -0.34666666666667079        1.8714118682103538        0.0000000000000000     
 -0.34333333333333743        1.8730930127304473        0.0000000000000000     
 -0.34000000000000408        1.8747729411215226        0.0000000000000000     
 -0.33666666666667072        1.8764511661800363        0.0000000000000000     
 -0.33333333333333737        1.8781271634998655        0.0000000000000000     
 -0.33000000000000401        1.8798003695051466        0.0000000000000000     
 -0.32666666666667066        1.8814701794038533        0.0000000000000000     
 -0.32333333333333730        1.8831359450598490        0.0000000000000000     
 -0.32000000000000395        1.8847969727811298        0.0000000000000000     
 -0.31666666666667059        1.8864525210219618        0.0000000000000000     
 -0.31333333333333724        1.8881017979966337        0.0000000000000000     
 -0.31000000000000388        1.8897439592025369        0.0000000000000000     
 -0.30666666666667053        1.8913781048503262        0.0000000000000000     
 -0.30333333333333717        1.8930032771989291        0.0000000000000000     
 -0.30000000000000382        1.8946184577932343        0.0000000000000000     
 -0.29666666666667046        1.8962225646023649        0.0000000000000000     
 -0.29333333333333711        1.8978144490564886        0.0000000000000000     
 -0.29000000000000375        1.8993928929802786        0.0000000000000000     
 -0.28666666666667040        1.9009566054212323        0.0000000000000000     
 -0.28333333333333705        1.9025042193712420        0.0000000000000000     
 -0.28000000000000369        1.9040342883800030        0.0000000000000000     
 -0.27666666666667034        1.9055452830590891        0.0000000000000000     
 -0.27333333333333698        1.9070355874758127        0.0000000000000000     
 -0.27000000000000363        1.9085034954363187        0.0000000000000000     
 -0.26666666666667027        1.9099472066577592        0.0000000000000000     
 -0.26333333333333692        1.9113648228298747        0.0000000000000000     
 -0.26000000000000356        1.9127543435668235        0.0000000000000000     
 -0.25666666666667021        1.9141136622507422        0.0000000000000000     
 -0.25333333333333685        1.9154405617692578        0.0000000000000000     
 -0.25000000000000350        1.9167327101499856        0.0000000000000000     
 -0.24666666666667017        1.9179876560960045        0.0000000000000000     
 -0.24333333333333684        1.9192028244274197        0.0000000000000000     
 -0.24000000000000352        1.9203755114353738        0.0000000000000000     
 -0.23666666666667019        1.9215028801562506        0.0000000000000000     
 -0.23333333333333686        1.9225819555755368        0.0000000000000000     
 -0.23000000000000353        1.9236096197725223        0.0000000000000000     
 -0.22666666666667021        1.9245826070192071        0.0000000000000000     
 -0.22333333333333688        1.9254974988490690        0.0000000000000000     
 -0.22000000000000355        1.9263507191140061        0.0000000000000000     
 -0.21666666666667023        1.9271385290507561        0.0000000000000000     
 -0.21333333333333690        1.9278570223813656        0.0000000000000000     
 -0.21000000000000357        1.9285021204760693        0.0000000000000000     
 -0.20666666666667025        1.9290695676110050        0.0000000000000000     
 -0.20333333333333692        1.9295549263578666        0.0000000000000000     
 -0.20000000000000359        1.9299535731476243        0.0000000000000000     
 -0.19666666666667026        1.9302606940561748        0.0000000000000000     
 -0.19333333333333694        1.9304712808658921        0.0000000000000000     
 -0.19000000000000361        1.9305801274639869        0.0000000000000000     
 -0.18666666666667028        1.9305818266459616        0.0000000000000000     
 -0.18333333333333696        1.9304707674006700        0.0000000000000000     
 -0.18000000000000363        1.9302411327622540        0.0000000000000000     
 -0.17666666666667030        1.9298868983238457        0.0000000000000000     
 -0.17333333333333698        1.9294018315181549        0.0000000000000000     
 -0.17000000000000365        1.9287794917810048        0.0000000000000000     
 -0.16666666666667032        1.9280132317255407        0.0000000000000000     
 -0.16333333333333699        1.9270961994670850        0.0000000000000000     
 -0.16000000000000367        1.9260213422513552        0.0000000000000000     
 -0.15666666666667034        1.9247814115520148        0.0000000000000000     
 -0.15333333333333701        1.9233689698169745        0.0000000000000000     
 -0.15000000000000369        1.9217763990563916        0.0000000000000000     
 -0.14666666666667036        1.9199959114786449        0.0000000000000000     
 -0.14333333333333703        1.9180195623934115        0.0000000000000000     
 -0.14000000000000370        1.9158392656128611        0.0000000000000000     
 -0.13666666666667038        1.9134468115924823        0.0000000000000000     
 -0.13333333333333705        1.9108338885616887        0.0000000000000000     
 -0.13000000000000372        1.9079921069002643        0.0000000000000000     
 -0.12666666666667040        1.9049130270193748        0.0000000000000000     
 -0.12333333333333707        1.9015881910041947        0.0000000000000000     
 -0.12000000000000374        1.8980091582684768        0.0000000000000000     
 -0.11666666666667042        1.8941675454582987        0.0000000000000000     
 -0.11333333333333709        1.8900550708218249        0.0000000000000000     
 -0.11000000000000376        1.8856636032329224        0.0000000000000000     
 -0.10666666666667043        1.8809852160176126        0.0000000000000000     
 -0.10333333333333711        1.8760122456824728        0.0000000000000000     
 -0.10000000000000378        1.8707373555819817        0.0000000000000000     
  -9.6666666666670453E-002   1.8651536044863313        0.0000000000000000     
  -9.3333333333337126E-002   1.8592545199218014        0.0000000000000000     
  -9.0000000000003799E-002   1.8530341760514748        0.0000000000000000     
  -8.6666666666670472E-002   1.8464872757451176        0.0000000000000000     
  -8.3333333333337145E-002   1.8396092363536216        0.0000000000000000     
  -8.0000000000003818E-002   1.8323962785565509        0.0000000000000000     
  -7.6666666666670491E-002   1.8248455174929690        0.0000000000000000     
  -7.3333333333337164E-002   1.8169550552184228        0.0000000000000000     
  -7.0000000000003837E-002   1.8087240733584304        0.0000000000000000     
  -6.6666666666670510E-002   1.8001529246557804        0.0000000000000000     
  -6.3333333333337183E-002   1.7912432219410681        0.0000000000000000     
  -6.0000000000003849E-002   1.7819979229000409        0.0000000000000000     
  -5.6666666666670515E-002   1.7724214088749612        0.0000000000000000     
  -5.3333333333337181E-002   1.7625195558287976        0.0000000000000000     
  -5.0000000000003847E-002   1.7522997955291510        0.0000000000000000     
  -4.6666666666670513E-002   1.7417711649820851        0.0000000000000000     
  -4.3333333333337179E-002   1.7309443421726833        0.0000000000000000     
  -4.0000000000003845E-002   1.7198316662560722        0.0000000000000000     
  -3.6666666666670511E-002   1.7084471404954338        0.0000000000000000     
  -3.3333333333337177E-002   1.6968064164651910        0.0000000000000000     
  -3.0000000000003843E-002   1.6849267583284142        0.0000000000000000     
  -2.6666666666670509E-002   1.6728269863547092        0.0000000000000000     
  -2.3333333333337175E-002   1.6605273992617475        0.0000000000000000     
  -2.0000000000003841E-002   1.6480496754300131        0.0000000000000000     
  -1.6666666666670507E-002   1.6354167535425881        0.0000000000000000     
  -1.3333333333337173E-002   1.6226526937228520        0.0000000000000000     
  -1.0000000000003839E-002   1.6097825207636740        0.0000000000000000     
  -6.6666666666705052E-003   1.5968320515411170        0.0000000000000000     
  -3.3333333333371716E-003   1.5838277091627391        0.0000000000000000     
  -3.8380756905986857E-015   1.5707963267949117        0.0000000000000000     
