  -1.0000000000000000        1.5707963267948966       0.56250000000000000        1.2772722570158314E-010   2.2707062346948114E-010  0.56250000011554546        0.0000000000000000        0.0000000000000000     
 -0.99666666666666670        1.5611972665892639       0.56250000000000000        1.2772438418873304E-010   2.2706557189108097E-010  0.56250000011553924        0.0000000000000000        0.0000000000000000     
 -0.99333333333333340        1.5514839267249674       0.56250000000000000        1.2771584732035605E-010   2.2705039523618853E-010  0.56250000011552481        0.0000000000000000        0.0000000000000000     
 -0.99000000000000010        1.5416671932520813       0.56250000000000000        1.2770159703273119E-010   2.2702506139152211E-010  0.56250000011549983        0.0000000000000000        0.0000000000000000     
 -0.98666666666666680        1.5317587178082637       0.56250000000000000        1.2768161584146388E-010   2.2698953927371356E-010  0.56250000011546797        0.0000000000000000        0.0000000000000000     
 -0.98333333333333350        1.5217708913100567       0.56250000000000000        1.2765588684722921E-010   2.2694379883951861E-010  0.56250000011541890        0.0000000000000000        0.0000000000000000     
 -0.98000000000000020        1.5117168092580209       0.56250000000000000        1.2762439374145189E-010   2.2688781109591448E-010  0.56250000011536194        0.0000000000000000        0.0000000000000000     
 -0.97666666666666690        1.5016102284833854       0.56250000000000000        1.2758712081192822E-010   2.2682154811009460E-010  0.56250000011529289        0.0000000000000000        0.0000000000000000     
 -0.97333333333333361        1.4914655153083527       0.56250000000000000        1.2754405294838087E-010   2.2674498301934377E-010  0.56250000011521240        0.0000000000000000        0.0000000000000000     
 -0.97000000000000031        1.4812975852513355       0.56250000000000000        1.2749517564795305E-010   2.2665809004080543E-010  0.56250000011511792        0.0000000000000000        0.0000000000000000     
 -0.96666666666666701        1.4711218345794892       0.56250000000000000        1.2744047502063285E-010   2.2656084448112507E-010  0.56250000011501111        0.0000000000000000        0.0000000000000000     
 -0.96333333333333371        1.4609540641887684       0.56250000000000000        1.2737993779461396E-010   2.2645322274598037E-010  0.56250000011489421        0.0000000000000000        0.0000000000000000     
 -0.96000000000000041        1.4508103964717847       0.56250000000000000        1.2731355132158377E-010   2.2633520234948226E-010  0.56250000011476020        0.0000000000000000        0.0000000000000000     
 -0.95666666666666711        1.4407071860100455       0.56250000000000000        1.2724130358194519E-010   2.2620676192345810E-010  0.56250000011461521        0.0000000000000000        0.0000000000000000     
 -0.95333333333333381        1.4306609250936069       0.56250000000000000        1.2716318318996346E-010   2.2606788122660172E-010  0.56250000011445456        0.0000000000000000        0.0000000000000000     
 -0.95000000000000051        1.4206881452215232       0.56250000000000000        1.2707917939884148E-010   2.2591854115349596E-010  0.56250000011428281        0.0000000000000000        0.0000000000000000     
 -0.94666666666666721        1.4108053158646010       0.56250000000000000        1.2698928210572178E-010   2.2575872374350537E-010  0.56250000011409840        0.0000000000000000        0.0000000000000000     
 -0.94333333333333391        1.4010287418724721       0.56250000000000000        1.2689348185661180E-010   2.2558841218953208E-010  0.56250000011390211        0.0000000000000000        0.0000000000000000     
 -0.94000000000000061        1.3913744609748380       0.56250000000000000        1.2679176985123124E-010   2.2540759084663331E-010  0.56250000011368950        0.0000000000000000        0.0000000000000000     
 -0.93666666666666731        1.3818581428585144       0.56250000000000000        1.2668413794778205E-010   2.2521624524050141E-010  0.56250000011346479        0.0000000000000000        0.0000000000000000     
 -0.93333333333333401        1.3724949912954161       0.56250000000000000        1.2657057866763967E-010   2.2501436207580387E-010  0.56250000011322576        0.0000000000000000        0.0000000000000000     
 -0.93000000000000071        1.3632996507508359       0.56250000000000000        1.2645108519996061E-010   2.2480192924437442E-010  0.56250000011297685        0.0000000000000000        0.0000000000000000     
 -0.92666666666666742        1.3542861188174713       0.56250000000000000        1.2632565140621061E-010   2.2457893583326331E-010  0.56250000011271295        0.0000000000000000        0.0000000000000000     
 -0.92333333333333412        1.3454676657011675       0.56250000000000000        1.2619427182460603E-010   2.2434537213263295E-010  0.56250000011243884        0.0000000000000000        0.0000000000000000     
 -0.92000000000000082        1.3368567618329374       0.56250000000000000        1.2605694167447334E-010   2.2410122964350817E-010  0.56250000011215329        0.0000000000000000        0.0000000000000000     
 -0.91666666666666752        1.3284650145045005       0.56250000000000000        1.2591365686051956E-010   2.2384650108536811E-010  0.56250000011185597        0.0000000000000000        0.0000000000000000     
 -0.91333333333333422        1.3203031142268657       0.56250000000000000        1.2576441397701613E-010   2.2358118040358424E-010  0.56250000011154966        0.0000000000000000        0.0000000000000000     
 -0.91000000000000092        1.3123807913012810       0.56250000000000000        1.2560921031189495E-010   2.2330526277670214E-010  0.56250000011123336        0.0000000000000000        0.0000000000000000     
 -0.90666666666666762        1.3047067828758652       0.56250000000000000        1.2544804385075320E-010   2.2301874462356123E-010  0.56250000011090606        0.0000000000000000        0.0000000000000000     
 -0.90333333333333432        1.2972888105471916       0.56250000000000000        1.2528091328076623E-010   2.2272162361025107E-010  0.56250000011056678        0.0000000000000000        0.0000000000000000     
 -0.90000000000000102        1.2901335683605981       0.56250000000000000        1.2510781799450823E-010   2.2241389865690352E-010  0.56250000011022083        0.0000000000000000        0.0000000000000000     
 -0.89666666666666772        1.2832467208725002       0.56250000000000000        1.2492875809368066E-010   2.2209556994432116E-010  0.56250000010986878        0.0000000000000000        0.0000000000000000     
 -0.89333333333333442        1.2766329107673089       0.56250000000000000        1.2474373439274230E-010   2.2176663892043076E-010  0.56250000010950985        0.0000000000000000        0.0000000000000000     
 -0.89000000000000112        1.2702957753750270       0.56250000000000000        1.2455274842244673E-010   2.2142710830657197E-010  0.56250000010914214        0.0000000000000000        0.0000000000000000     
 -0.88666666666666782        1.2642379713158283       0.56250000000000000        1.2435580243327854E-010   2.2107698210360629E-010  0.56250000010876744        0.0000000000000000        0.0000000000000000     
 -0.88333333333333452        1.2584612064062382       0.56250000000000000        1.2415289939879445E-010   2.2071626559785680E-010  0.56250000010838674        0.0000000000000000        0.0000000000000000     
 -0.88000000000000123        1.2529662778985731       0.56250000000000000        1.2394404301886132E-010   2.2034496536686458E-010  0.56250000010800216        0.0000000000000000        0.0000000000000000     
 -0.87666666666666793        1.2477531160898241       0.56250000000000000        1.2372923772279615E-010   2.1996308928497093E-010  0.56250000010761292        0.0000000000000000        0.0000000000000000     
 -0.87333333333333463        1.2428208323266259       0.56250000000000000        1.2350848867240142E-010   2.1957064652871363E-010  0.56250000010722156        0.0000000000000000        0.0000000000000000     
 -0.87000000000000133        1.2381677704467544       0.56250000000000000        1.2328180176489809E-010   2.1916764758204103E-010  0.56250000010682555        0.0000000000000000        0.0000000000000000     
 -0.86666666666666803        1.2337915607317262       0.56250000000000000        1.2304918363575520E-010   2.1875410424134260E-010  0.56250000010642609        0.0000000000000000        0.0000000000000000     
 -0.86333333333333473        1.2296891754960442       0.56250000000000000        1.2281064166141327E-010   2.1833002962029025E-010  0.56250000010602486        0.0000000000000000        0.0000000000000000     
 -0.86000000000000143        1.2258569855029975       0.56250000000000000        1.2256618396190010E-010   2.1789543815448907E-010  0.56250000010562085        0.0000000000000000        0.0000000000000000     
 -0.85666666666666813        1.2222908164711845       0.56250000000000000        1.2231581940333985E-010   2.1745034560593750E-010  0.56250000010521894        0.0000000000000000        0.0000000000000000     
 -0.85333333333333483        1.2189860050166039       0.56250000000000000        1.2205955760035488E-010   2.1699476906729755E-010  0.56250000010481116        0.0000000000000000        0.0000000000000000     
 -0.85000000000000153        1.2159374534594460       0.56250000000000000        1.2179740891835475E-010   2.1652872696596400E-010  0.56250000010440782        0.0000000000000000        0.0000000000000000     
 -0.84666666666666823        1.2131396830095282       0.56250000000000000        1.2152938447571806E-010   2.1605223906794322E-010  0.56250000010400236        0.0000000000000000        0.0000000000000000     
 -0.84333333333333493        1.2105868849278891       0.56250000000000000        1.2125549614585905E-010   2.1556532648152718E-010  0.56250000010359358        0.0000000000000000        0.0000000000000000     
 -0.84000000000000163        1.2082729693418304       0.56250000000000000        1.2097575655918514E-010   2.1506801166077360E-010  0.56250000010319234        0.0000000000000000        0.0000000000000000     
 -0.83666666666666833        1.2061916114658502       0.56250000000000000        1.2069017910493759E-010   2.1456031840877792E-010  0.56250000010278911        0.0000000000000000        0.0000000000000000     
 -0.83333333333333504        1.2043362950499621       0.56250000000000000        1.2039877793291914E-010   2.1404227188074515E-010  0.56250000010238599        0.0000000000000000        0.0000000000000000     
 -0.83000000000000174        1.2027003529392153       0.56250000000000000        1.2010156795510679E-010   2.1351389858685653E-010  0.56250000010198997        0.0000000000000000        0.0000000000000000     
 -0.82666666666666844        1.2012770046835963       0.56250000000000000        1.1979856484714745E-010   2.1297522639492880E-010  0.56250000010159096        0.0000000000000000        0.0000000000000000     
 -0.82333333333333514        1.2000593911855724       0.56250000000000000        1.1948978504973541E-010   2.1242628453286296E-010  0.56250000010119605        0.0000000000000000        0.0000000000000000     
 -0.82000000000000184        1.1990406064135704       0.56250000000000000        1.1917524576987252E-010   2.1186710359088448E-010  0.56250000010080847        0.0000000000000000        0.0000000000000000     
 -0.81666666666666854        1.1982137262439128       0.56250000000000000        1.1885496498201073E-010   2.1129771552357463E-010  0.56250000010041723        0.0000000000000000        0.0000000000000000     
 -0.81333333333333524        1.1975718345215751       0.56250000000000000        1.1852896142907160E-010   2.1071815365168286E-010  0.56250000010003276        0.0000000000000000        0.0000000000000000     
 -0.81000000000000194        1.1971080464520722       0.56250000000000000        1.1819725462334891E-010   2.1012845266373139E-010  0.56250000009965007        0.0000000000000000        0.0000000000000000     
 -0.80666666666666864        1.1968155294534759       0.56250000000000000        1.1785986484728621E-010   2.0952864861739770E-010  0.56250000009927092        0.0000000000000000        0.0000000000000000     
 -0.80333333333333534        1.1966875216094031       0.56250000000000000        1.1751681315413566E-010   2.0891877894068561E-010  0.56250000009889767        0.0000000000000000        0.0000000000000000     
 -0.80000000000000204        1.1967173478717237       0.56250000000000000        1.1716812136849073E-010   2.0829888243287241E-010  0.56250000009852608        0.0000000000000000        0.0000000000000000     
 -0.79666666666666874        1.1968984341658595       0.56250000000000000        1.1681381208669834E-010   2.0766899926524148E-010  0.56250000009815793        0.0000000000000000        0.0000000000000000     
 -0.79333333333333544        1.1972243195528838       0.56250000000000000        1.1645390867714401E-010   2.0702917098158936E-010  0.56250000009779744        0.0000000000000000        0.0000000000000000     
 -0.79000000000000214        1.1976886666013742       0.56250000000000000        1.1608843528041307E-010   2.0637944049851213E-010  0.56250000009743684        0.0000000000000000        0.0000000000000000     
 -0.78666666666666885        1.1982852701187237       0.56250000000000000        1.1571741680932712E-010   2.0571985210547042E-010  0.56250000009708312        0.0000000000000000        0.0000000000000000     
 -0.78333333333333555        1.1990080643867917       0.56250000000000000        1.1534087894885340E-010   2.0505045146462827E-010  0.56250000009672962        0.0000000000000000        0.0000000000000000     
 -0.78000000000000225        1.1998511290407587       0.56250000000000000        1.1495884815588636E-010   2.0437128561046464E-010  0.56250000009638035        0.0000000000000000        0.0000000000000000     
 -0.77666666666666895        1.2008086937231048       0.56250000000000000        1.1457135165890257E-010   2.0368240294916012E-010  0.56250000009603729        0.0000000000000000        0.0000000000000000     
 -0.77333333333333565        1.2018751416370903       0.56250000000000000        1.1417841745748873E-010   2.0298385325775773E-010  0.56250000009569801        0.0000000000000000        0.0000000000000000     
 -0.77000000000000235        1.2030450121162493       0.56250000000000000        1.1378007432173864E-010   2.0227568768309092E-010  0.56250000009535872        0.0000000000000000        0.0000000000000000     
 -0.76666666666666905        1.2043130023182997       0.56250000000000000        1.1337635179152372E-010   2.0155795874048660E-010  0.56250000009502610        0.0000000000000000        0.0000000000000000     
 -0.76333333333333575        1.2056739681437763       0.56250000000000000        1.1296728017563108E-010   2.0083072031223302E-010  0.56250000009469381        0.0000000000000000        0.0000000000000000     
 -0.76000000000000245        1.2071229244717836       0.56250000000000000        1.1255289055077458E-010   2.0009402764582148E-010  0.56250000009436629        0.0000000000000000        0.0000000000000000     
 -0.75666666666666915        1.2086550447974129       0.56250000000000000        1.1213321476047250E-010   1.9934793735195111E-010  0.56250000009404322        0.0000000000000000        0.0000000000000000     
 -0.75333333333333585        1.2102656603480033       0.56250000000000000        1.1170828541379698E-010   1.9859250740230574E-010  0.56250000009371981        0.0000000000000000        0.0000000000000000     
 -0.75000000000000255        1.2119502587482422       0.56250000000000000        1.1127813588398979E-010   1.9782779712709296E-010  0.56250000009339940        0.0000000000000000        0.0000000000000000     
 -0.74666666666666925        1.2137044822974499       0.56250000000000000        1.1084280030694734E-010   1.9705386721235083E-010  0.56250000009308132        0.0000000000000000        0.0000000000000000     
 -0.74333333333333595        1.2155241259160157       0.56250000000000000        1.1040231357957508E-010   1.9627077969702237E-010  0.56250000009276402        0.0000000000000000        0.0000000000000000     
 -0.74000000000000266        1.2174051348121542       0.56250000000000000        1.0995671135800662E-010   1.9547859796978954E-010  0.56250000009245016        0.0000000000000000        0.0000000000000000     
 -0.73666666666666936        1.2193436019146229       0.56250000000000000        1.0950603005569305E-010   1.9467738676567653E-010  0.56250000009213619        0.0000000000000000        0.0000000000000000     
 -0.73333333333333606        1.2213357651120840       0.56250000000000000        1.0905030684135870E-010   1.9386721216241548E-010  0.56250000009182310        0.0000000000000000        0.0000000000000000     
 -0.73000000000000276        1.2233780043351496       0.56250000000000000        1.0858957963682039E-010   1.9304814157656960E-010  0.56250000009151335        0.0000000000000000        0.0000000000000000     
 -0.72666666666666946        1.2254668385129410       0.56250000000000000        1.0812388711468059E-010   1.9222024375943217E-010  0.56250000009120216        0.0000000000000000        0.0000000000000000     
 -0.72333333333333616        1.2275989224321799       0.56250000000000000        1.0765326869587798E-010   1.9138358879267197E-010  0.56250000009089274        0.0000000000000000        0.0000000000000000     
 -0.72000000000000286        1.2297710435233389       0.56250000000000000        1.0717776454711378E-010   1.9053824808375782E-010  0.56250000009057777        0.0000000000000000        0.0000000000000000     
 -0.71666666666666956        1.2319801185952659       0.56250000000000000        1.0669741557813526E-010   1.8968429436112934E-010  0.56250000009026657        0.0000000000000000        0.0000000000000000     
 -0.71333333333333626        1.2342231905368586       0.56250000000000000        1.0621226343889228E-010   1.8882180166914184E-010  0.56250000008995604        0.0000000000000000        0.0000000000000000     
 -0.71000000000000296        1.2364974250018756       0.56250000000000000        1.0572235051655674E-010   1.8795084536276753E-010  0.56250000008964252        0.0000000000000000        0.0000000000000000     
 -0.70666666666666966        1.2388001070906765       0.56250000000000000        1.0522771993240777E-010   1.8707150210205828E-010  0.56250000008932777        0.0000000000000000        0.0000000000000000     
 -0.70333333333333636        1.2411286380407134       0.56250000000000000        1.0472841553858347E-010   1.8618384984637060E-010  0.56250000008901491        0.0000000000000000        0.0000000000000000     
 -0.70000000000000306        1.2434805319357953       0.56250000000000000        1.0422448191469934E-010   1.8528796784835438E-010  0.56250000008869494        0.0000000000000000        0.0000000000000000     
 -0.69666666666666976        1.2458534124426006       0.56250000000000000        1.0371596436433244E-010   1.8438393664770210E-010  0.56250000008837375        0.0000000000000000        0.0000000000000000     
 -0.69333333333333647        1.2482450095814874       0.56250000000000000        1.0320290891136841E-010   1.8347183806465495E-010  0.56250000008805301        0.0000000000000000        0.0000000000000000     
 -0.69000000000000317        1.2506531565374921       0.56250000000000000        1.0268536229622114E-010   1.8255175519328204E-010  0.56250000008772993        0.0000000000000000        0.0000000000000000     
 -0.68666666666666987        1.2530757865163147       0.56250000000000000        1.0216337197191228E-010   1.8162377239451071E-010  0.56250000008740131        0.0000000000000000        0.0000000000000000     
 -0.68333333333333657        1.2555109296491489       0.56250000000000000        1.0163698610002045E-010   1.8068797528892524E-010  0.56250000008707035        0.0000000000000000        0.0000000000000000     
 -0.68000000000000327        1.2579567099494811       0.56250000000000000        1.0110625354649552E-010   1.7974445074932538E-010  0.56250000008673828        0.0000000000000000        0.0000000000000000     
 -0.67666666666666997        1.2604113423242069       0.56250000000000000        1.0057122387734317E-010   1.7879328689305452E-010  0.56250000008640155        0.0000000000000000        0.0000000000000000     
 -0.67333333333333667        1.2628731296409028       0.56250000000000000        1.0003194735416992E-010   1.7783457307407986E-010  0.56250000008606105        0.0000000000000000        0.0000000000000000     
 -0.67000000000000337        1.2653404598525380       0.56250000000000000        9.9488474929601775E-011   1.7686839987484761E-010  0.56250000008571677        0.0000000000000000        0.0000000000000000     
 -0.66666666666667007        1.2678118031804870       0.56250000000000000        9.8940858242567510E-011   1.7589485909789780E-010  0.56250000008537004        0.0000000000000000        0.0000000000000000     
 -0.66333333333333677        1.2702857093563764       0.56250000000000000        9.8389149613449526E-011   1.7491404375724361E-010  0.56250000008501433        0.0000000000000000        0.0000000000000000     
 -0.66000000000000347        1.2727608049229575       0.56250000000000000        9.7833402039103334E-011   1.7392604806951704E-010  0.56250000008465795        0.0000000000000000        0.0000000000000000     
 -0.65666666666667017        1.2752357905939833       0.56250000000000000        9.7273669187747066E-011   1.7293096744488367E-010  0.56250000008429601        0.0000000000000000        0.0000000000000000     
 -0.65333333333333687        1.2777094386728425       0.56250000000000000        9.6710005393717232E-011   1.7192889847771952E-010  0.56250000008393342        0.0000000000000000        0.0000000000000000     
 -0.65000000000000357        1.2801805905295403       0.56250000000000000        9.6142465652096797E-011   1.7091993893706098E-010  0.56250000008356216        0.0000000000000000        0.0000000000000000     
 -0.64666666666667028        1.2826481541355192       0.56250000000000000        9.5571105613210285E-011   1.6990418775681827E-010  0.56250000008318757        0.0000000000000000        0.0000000000000000     
 -0.64333333333333698        1.2851111016556571       0.56250000000000000        9.4995981576992102E-011   1.6888174502576374E-010  0.56250000008280587        0.0000000000000000        0.0000000000000000     
 -0.64000000000000368        1.2875684670967480       0.56250000000000000        9.4417150487222866E-011   1.6785271197728509E-010  0.56250000008241829        0.0000000000000000        0.0000000000000000     
 -0.63666666666667038        1.2900193440117160       0.56250000000000000        9.3834669925639961E-011   1.6681719097891549E-010  0.56250000008202794        0.0000000000000000        0.0000000000000000     
 -0.63333333333333708        1.2924628832587328       0.56250000000000000        9.3248598105917394E-011   1.6577528552163093E-010  0.56250000008163403        0.0000000000000000        0.0000000000000000     
 -0.63000000000000378        1.2948982908144355       0.56250000000000000        9.2658993867520944E-011   1.6472710020892611E-010  0.56250000008123291        0.0000000000000000        0.0000000000000000     
 -0.62666666666667048        1.2973248256404195       0.56250000000000000        9.2065916669434109E-011   1.6367274074566064E-010  0.56250000008082679        0.0000000000000000        0.0000000000000000     
 -0.62333333333333718        1.2997417976021537       0.56250000000000000        9.1469426583759091E-011   1.6261231392668282E-010  0.56250000008041179        0.0000000000000000        0.0000000000000000     
 -0.62000000000000388        1.3021485654395002       0.56250000000000000        9.0869584289192912E-011   1.6154592762523184E-010  0.56250000007999534        0.0000000000000000        0.0000000000000000     
 -0.61666666666667058        1.3045445347880398       0.56250000000000000        9.0266451064378603E-011   1.6047369078111752E-010  0.56250000007957324        0.0000000000000000        0.0000000000000000     
 -0.61333333333333728        1.3069291562503829       0.56250000000000000        8.9660088781129726E-011   1.5939571338867507E-010  0.56250000007914347        0.0000000000000000        0.0000000000000000     
 -0.61000000000000398        1.3093019235167176       0.56250000000000000        8.9050559897537712E-011   1.5831210648451149E-010  0.56250000007871315        0.0000000000000000        0.0000000000000000     
 -0.60666666666667068        1.3116623715338303       0.56250000000000000        8.8437927450949278E-011   1.5722298213502093E-010  0.56250000007827272        0.0000000000000000        0.0000000000000000     
 -0.60333333333333738        1.3140100747218673       0.56250000000000000        8.7822255050830058E-011   1.5612845342369787E-010  0.56250000007782652        0.0000000000000000        0.0000000000000000     
 -0.60000000000000409        1.3163446452381631       0.56250000000000000        8.7203606871499936E-011   1.5502863443822210E-010  0.56250000007737477        0.0000000000000000        0.0000000000000000     
 -0.59666666666667079        1.3186657312874213       0.56250000000000000        8.6582047644756267E-011   1.5392364025734447E-010  0.56250000007692025        0.0000000000000000        0.0000000000000000     
 -0.59333333333333749        1.3209730154776260       0.56250000000000000        8.5957642652370752E-011   1.5281358693754802E-010  0.56250000007645973        0.0000000000000000        0.0000000000000000     
 -0.59000000000000419        1.3232662132210413       0.56250000000000000        8.5330457718474401E-011   1.5169859149951005E-010  0.56250000007599188        0.0000000000000000        0.0000000000000000     
 -0.58666666666667089        1.3255450711796639       0.56250000000000000        8.4700559201822656E-011   1.5057877191435139E-010  0.56250000007552270        0.0000000000000000        0.0000000000000000     
 -0.58333333333333759        1.3278093657546028       0.56250000000000000        8.4068013987944674E-011   1.4945424708967942E-010  0.56250000007504497        0.0000000000000000        0.0000000000000000     
 -0.58000000000000429        1.3300589016187259       0.56250000000000000        8.3432889481178003E-011   1.4832513685542757E-010  0.56250000007456435        0.0000000000000000        0.0000000000000000     
 -0.57666666666667099        1.3322935102920825       0.56250000000000000        8.2795253596590479E-011   1.4719156194949418E-010  0.56250000007407286        0.0000000000000000        0.0000000000000000     
 -0.57333333333333769        1.3345130487595203       0.56250000000000000        8.2155174751787194E-011   1.4605364400317724E-010  0.56250000007358480        0.0000000000000000        0.0000000000000000     
 -0.57000000000000439        1.3367173981299603       0.56250000000000000        8.1512721858607956E-011   1.4491150552641415E-010  0.56250000007308421        0.0000000000000000        0.0000000000000000     
 -0.56666666666667109        1.3389064623368143       0.56250000000000000        8.0867964314713545E-011   1.4376526989282408E-010  0.56250000007258216        0.0000000000000000        0.0000000000000000     
 -0.56333333333333779        1.3410801668790089       0.56250000000000000        8.0220971995060724E-011   1.4261506132455241E-010  0.56250000007207779        0.0000000000000000        0.0000000000000000     
 -0.56000000000000449        1.3432384576020935       0.56250000000000000        7.9571815243272407E-011   1.4146100487692873E-010  0.56250000007156542        0.0000000000000000        0.0000000000000000     
 -0.55666666666667119        1.3453812995189174       0.56250000000000000        7.8920564862899073E-011   1.4030322642293169E-010  0.56250000007104928        0.0000000000000000        0.0000000000000000     
 -0.55333333333333790        1.3475086756693657       0.56250000000000000        7.8267292108573794E-011   1.3914185263746452E-010  0.56250000007052781        0.0000000000000000        0.0000000000000000     
 -0.55000000000000460        1.3496205860186128       0.56250000000000000        7.7612068677064763E-011   1.3797701098144847E-010  0.56250000007000300        0.0000000000000000        0.0000000000000000     
 -0.54666666666667130        1.3517170463933703       0.56250000000000000        7.6954966698223091E-011   1.3680882968572994E-010  0.56250000006947132        0.0000000000000000        0.0000000000000000     
 -0.54333333333333800        1.3537980874556279       0.56250000000000000        7.6296058725829154E-011   1.3563743773480739E-010  0.56250000006893719        0.0000000000000000        0.0000000000000000     
 -0.54000000000000470        1.3558637537132969       0.56250000000000000        7.5635417728339516E-011   1.3446296485038137E-010  0.56250000006840062        0.0000000000000000        0.0000000000000000     
 -0.53666666666667140        1.3579141025672656       0.56250000000000000        7.4973117079534033E-011   1.3328554147472716E-010  0.56250000006785716        0.0000000000000000        0.0000000000000000     
 -0.53333333333333810        1.3599492033942733       0.56250000000000000        7.4309230549064675E-011   1.3210529875389276E-010  0.56250000006731304        0.0000000000000000        0.0000000000000000     
 -0.53000000000000480        1.3619691366650573       0.56250000000000000        7.3643832292908887E-011   1.3092236852072692E-010  0.56250000006676237        0.0000000000000000        0.0000000000000000     
 -0.52666666666667150        1.3639739930972024       0.56250000000000000        7.2976996843728827E-011   1.2973688327774013E-010  0.56250000006621104        0.0000000000000000        0.0000000000000000     
 -0.52333333333333820        1.3659638728420842       0.56250000000000000        7.2308799101135501E-011   1.2854897617979646E-010  0.56250000006565282        0.0000000000000000        0.0000000000000000     
 -0.52000000000000490        1.3679388847053569       0.56250000000000000        7.1639314321863100E-011   1.2735878101664551E-010  0.56250000006509071        0.0000000000000000        0.0000000000000000     
 -0.51666666666667160        1.3698991454003246       0.56250000000000000        7.0968618109851542E-011   1.2616643219529163E-010  0.56250000006452749        0.0000000000000000        0.0000000000000000     
 -0.51333333333333830        1.3718447788336356       0.56250000000000000        7.0296786406240340E-011   1.2497206472220505E-010  0.56250000006396095        0.0000000000000000        0.0000000000000000     
 -0.51000000000000500        1.3737759154226117       0.56250000000000000        6.9623895479277811E-011   1.2377581418538277E-010  0.56250000006338952        0.0000000000000000        0.0000000000000000     
 -0.50666666666667171        1.3756926914436387       0.56250000000000000        6.8950021914140156E-011   1.2257781673624918E-010  0.56250000006281864        0.0000000000000000        0.0000000000000000     
 -0.50333333333333841        1.3775952484109157       0.56250000000000000        6.8275242602670975E-011   1.2137820907141507E-010  0.56250000006224177        0.0000000000000000        0.0000000000000000     
 -0.50000000000000511        1.3794837324849289       0.56250000000000000        6.7599634733036718E-011   1.2017712841428750E-010  0.56250000006166245        0.0000000000000000        0.0000000000000000     
 -0.49666666666667175        1.3813582939099891       0.56250000000000000        6.6923275779299764E-011   1.1897471249653291E-010  0.56250000006108203        0.0000000000000000        0.0000000000000000     
 -0.49333333333333840        1.3832190864801350       0.56250000000000000        6.6246243490916778E-011   1.1777109953940760E-010  0.56250000006049772        0.0000000000000000        0.0000000000000000     
 -0.49000000000000504        1.3850662670327389       0.56250000000000000        6.5568615882155613E-011   1.1656642823494331E-010  0.56250000005991108        0.0000000000000000        0.0000000000000000     
 -0.48666666666667169        1.3868999949690992       0.56250000000000000        6.4890471221438682E-011   1.1536083772700210E-010  0.56250000005932355        0.0000000000000000        0.0000000000000000     
 -0.48333333333333833        1.3887204318013544       0.56250000000000000        6.4211888020613090E-011   1.1415446759220105E-010  0.56250000005873224        0.0000000000000000        0.0000000000000000     
 -0.48000000000000498        1.3905277407249792       0.56250000000000000        6.3532945024147198E-011   1.1294745782070613E-010  0.56250000005814127        0.0000000000000000        0.0000000000000000     
 -0.47666666666667162        1.3923220862161854       0.56250000000000000        6.2853721198257697E-011   1.1173994879690257E-010  0.56250000005754586        0.0000000000000000        0.0000000000000000     
 -0.47333333333333827        1.3941036336534873       0.56250000000000000        6.2174295719969909E-011   1.1053208127994651E-010  0.56250000005694945        0.0000000000000000        0.0000000000000000     
 -0.47000000000000491        1.3958725489627501       0.56250000000000000        6.1494747966107838E-011   1.0932399638419171E-010  0.56250000005635170        0.0000000000000000        0.0000000000000000     
 -0.46666666666667156        1.3976289982849721       0.56250000000000000        6.0815157502223206E-011   1.0811583555950792E-010  0.56250000005575562        0.0000000000000000        0.0000000000000000     
 -0.46333333333333820        1.3993731476661109       0.56250000000000000        6.0135604071460011E-011   1.0690774057148446E-010  0.56250000005515366        0.0000000000000000        0.0000000000000000     
 -0.46000000000000485        1.4011051627682172       0.56250000000000000        5.9456167583357726E-011   1.0569985348152485E-010  0.56250000005455325        0.0000000000000000        0.0000000000000000     
 -0.45666666666667149        1.4028252086011828       0.56250000000000000        5.8776928102596168E-011   1.0449231662683763E-010  0.56250000005394751        0.0000000000000000        0.0000000000000000     
 -0.45333333333333814        1.4045334492743669       0.56250000000000000        5.8097965837683557E-011   1.0328527260032633E-010  0.56250000005334655        0.0000000000000000        0.0000000000000000     
 -0.45000000000000479        1.4062300477674101       0.56250000000000000        5.7419361129588215E-011   1.0207886423037904E-010  0.56250000005273881        0.0000000000000000        0.0000000000000000     
 -0.44666666666667143        1.4079151657195321       0.56250000000000000        5.6741194440318600E-011   1.0087323456056640E-010  0.56250000005213685        0.0000000000000000        0.0000000000000000     
 -0.44333333333333808        1.4095889632365919       0.56250000000000000        5.6063546341450369E-011   9.9668526829245106E-011  0.56250000005152878        0.0000000000000000        0.0000000000000000     
 -0.44000000000000472        1.4112515987152496       0.56250000000000000        5.5386497502605942E-011   9.8464884449077224E-011  0.56250000005092171        0.0000000000000000        0.0000000000000000     
 -0.43666666666667137        1.4129032286835206       0.56250000000000000        5.4710128679885201E-011   9.7262450986462577E-011  0.56250000005031786        0.0000000000000000        0.0000000000000000     
 -0.43333333333333801        1.4145440076570515       0.56250000000000000        5.4034520704252499E-011   9.6061370140893329E-011  0.56250000004970646        0.0000000000000000        0.0000000000000000     
 -0.43000000000000466        1.4161740880104534       0.56250000000000000        5.3359754469879137E-011   9.4861785724229570E-011  0.56250000004910050        0.0000000000000000        0.0000000000000000     
 -0.42666666666667130        1.4177936198630214       0.56250000000000000        5.2685910922445355E-011   9.3663841639902854E-011  0.56250000004849421        0.0000000000000000        0.0000000000000000     
 -0.42333333333333795        1.4194027509782119       0.56250000000000000        5.2013071047403574E-011   9.2467681862050803E-011  0.56250000004788514        0.0000000000000000        0.0000000000000000     
 -0.42000000000000459        1.4210016266762042       0.56250000000000000        5.1341315858204296E-011   9.1273450414585417E-011  0.56250000004727774        0.0000000000000000        0.0000000000000000     
 -0.41666666666667124        1.4225903897589629       0.56250000000000000        5.0670726384486768E-011   9.0081291350198702E-011  0.56250000004667122        0.0000000000000000        0.0000000000000000     
 -0.41333333333333788        1.4241691804471455       0.56250000000000000        5.0001383660237224E-011   8.8891348729310624E-011  0.56250000004606371        0.0000000000000000        0.0000000000000000     
 -0.41000000000000453        1.4257381363282808       0.56250000000000000        4.9333368711917019E-011   8.7703766598963583E-011  0.56250000004545664        0.0000000000000000        0.0000000000000000     
 -0.40666666666667117        1.4272973923156131       0.56250000000000000        4.8666762546560995E-011   8.6518688971663986E-011  0.56250000004485179        0.0000000000000000        0.0000000000000000     
 -0.40333333333333782        1.4288470806170450       0.56250000000000000        4.8001646139850828E-011   8.5336259804179245E-011  0.56250000004424661        0.0000000000000000        0.0000000000000000     
 -0.40000000000000446        1.4303873307136075       0.56250000000000000        4.7338100424162841E-011   8.4156622976289494E-011  0.56250000004364253        0.0000000000000000        0.0000000000000000     
 -0.39666666666667111        1.4319182693469157       0.56250000000000000        4.6676206276595020E-011   8.2979922269502256E-011  0.56250000004303680        0.0000000000000000        0.0000000000000000     
 -0.39333333333333775        1.4334400205150786       0.56250000000000000        4.6016044506972901E-011   8.1806301345729601E-011  0.56250000004243605        0.0000000000000000        0.0000000000000000     
 -0.39000000000000440        1.4349527054765381       0.56250000000000000        4.5357695845838963E-011   8.0635903725935941E-011  0.56250000004183454        0.0000000000000000        0.0000000000000000     
 -0.38666666666667104        1.4364564427613322       0.56250000000000000        4.4701240932425519E-011   7.9468872768756477E-011  0.56250000004123379        0.0000000000000000        0.0000000000000000     
 -0.38333333333333769        1.4379513481892998       0.56250000000000000        4.4046760302614608E-011   7.8305351649092630E-011  0.56250000004063649        0.0000000000000000        0.0000000000000000     
 -0.38000000000000433        1.4394375348947526       0.56250000000000000        4.3394334376887287E-011   7.7145483336688510E-011  0.56250000004003808        0.0000000000000000        0.0000000000000000     
 -0.37666666666667098        1.4409151133571469       0.56250000000000000        4.2744043448263592E-011   7.5989410574690835E-011  0.56250000003944334        0.0000000000000000        0.0000000000000000     
 -0.37333333333333762        1.4423841914373232       0.56250000000000000        4.2095967670235609E-011   7.4837275858196636E-011  0.56250000003884826        0.0000000000000000        0.0000000000000000     
 -0.37000000000000427        1.4438448744188799       0.56250000000000000        4.1450187044696428E-011   7.3689221412793643E-011  0.56250000003825684        0.0000000000000000        0.0000000000000000     
 -0.36666666666667092        1.4452972650542677       0.56250000000000000        4.0806781409867369E-011   7.2545389173097539E-011  0.56250000003766554        0.0000000000000000        0.0000000000000000     
 -0.36333333333333756        1.4467414636152143       0.56250000000000000        4.0165830428224216E-011   7.1405920761287495E-011  0.56250000003707701        0.0000000000000000        0.0000000000000000     
 -0.36000000000000421        1.4481775679470841       0.56250000000000000        3.9527413574426966E-011   7.0270957465647946E-011  0.56250000003649114        0.0000000000000000        0.0000000000000000     
 -0.35666666666667085        1.4496056735268241       0.56250000000000000        3.8891610123253026E-011   6.9140640219116488E-011  0.56250000003590561        0.0000000000000000        0.0000000000000000     
 -0.35333333333333750        1.4510258735241259       0.56250000000000000        3.8258499137538240E-011   6.8015109577845760E-011  0.56250000003532485        0.0000000000000000        0.0000000000000000     
 -0.35000000000000414        1.4524382588654783       0.56250000000000000        3.7628159456126267E-011   6.6894505699780036E-011  0.56250000003474132        0.0000000000000000        0.0000000000000000     
 -0.34666666666667079        1.4538429183007826       0.56250000000000000        3.7000669681829508E-011   6.5778968323252454E-011  0.56250000003416356        0.0000000000000000        0.0000000000000000     
 -0.34333333333333743        1.4552399384722259       0.56250000000000000        3.6376108169404092E-011   6.4668636745607275E-011  0.56250000003358691        0.0000000000000000        0.0000000000000000     
 -0.34000000000000408        1.4566294039851100       0.56250000000000000        3.5754553013540408E-011   6.3563649801849619E-011  0.56250000003301670        0.0000000000000000        0.0000000000000000     
 -0.33666666666667072        1.4580113974803652       0.56250000000000000        3.5136082036871583E-011   6.2464145843327261E-011  0.56250000003244793        0.0000000000000000        0.0000000000000000     
 -0.33333333333333737        1.4593859997084804       0.56250000000000000        3.4520772778002729E-011   6.1370262716449291E-011  0.56250000003188028        0.0000000000000000        0.0000000000000000     
 -0.33000000000000401        1.4607532896045801       0.56250000000000000        3.3908702479563191E-011   6.0282137741445678E-011  0.56250000003131562        0.0000000000000000        0.0000000000000000     
 -0.32666666666667066        1.4621133443644410       0.56250000000000000        3.3299948076282984E-011   5.9199907691169751E-011  0.56250000003075229        0.0000000000000000        0.0000000000000000     
 -0.32333333333333730        1.4634662395211770       0.56250000000000000        3.2694586183097530E-011   5.8123708769951162E-011  0.56250000003019318        0.0000000000000000        0.0000000000000000     
 -0.32000000000000395        1.4648120490224228       0.56250000000000000        3.2092693083280912E-011   5.7053676592499400E-011  0.56250000002963740        0.0000000000000000        0.0000000000000000     
 -0.31666666666667059        1.4661508453077692       0.56250000000000000        3.1494344716611922E-011   5.5989946162865639E-011  0.56250000002908596        0.0000000000000000        0.0000000000000000     
 -0.31333333333333724        1.4674826993862962       0.56250000000000000        3.0899616667573311E-011   5.4932651853463666E-011  0.56250000002853573        0.0000000000000000        0.0000000000000000     
 -0.31000000000000388        1.4688076809139945       0.56250000000000000        3.0308584153588292E-011   5.3881927384156965E-011  0.56250000002798761        0.0000000000000000        0.0000000000000000     
 -0.30666666666667053        1.4701258582709265       0.56250000000000000        2.9721322013294895E-011   5.2837905801413149E-011  0.56250000002744838        0.0000000000000000        0.0000000000000000     
 -0.30333333333333717        1.4714372986379542       0.56250000000000000        2.9137904694861552E-011   5.1800719457531646E-011  0.56250000002690714        0.0000000000000000        0.0000000000000000     
 -0.30000000000000382        1.4727420680728942       0.56250000000000000        2.8558406244346042E-011   5.0770499989948515E-011  0.56250000002637301        0.0000000000000000        0.0000000000000000     
 -0.29666666666667046        1.4740402315859620       0.56250000000000000        2.7982900294099669E-011   4.9747378300621637E-011  0.56250000002584000        0.0000000000000000        0.0000000000000000     
 -0.29333333333333711        1.4753318532143709       0.56250000000000000        2.7411460051218831E-011   4.8731484535500146E-011  0.56250000002530942        0.0000000000000000        0.0000000000000000     
 -0.29000000000000375        1.4766169960959694       0.56250000000000000        2.6844158286046743E-011   4.7722948064083097E-011  0.56250000002478806        0.0000000000000000        0.0000000000000000     
 -0.28666666666667040        1.4778957225418163       0.56250000000000000        2.6281067320727573E-011   4.6721897459071240E-011  0.56250000002426659        0.0000000000000000        0.0000000000000000     
 -0.28333333333333705        1.4791680941075707       0.56250000000000000        2.5722259017814276E-011   4.5728460476114268E-011  0.56250000002375233        0.0000000000000000        0.0000000000000000     
 -0.28000000000000369        1.4804341716636296       0.56250000000000000        2.5167804768933783E-011   4.4742764033660058E-011  0.56250000002323675        0.0000000000000000        0.0000000000000000     
 -0.27666666666667034        1.4816940154639047       0.56250000000000000        2.4617775483510245E-011   4.3764934192907105E-011  0.56250000002272771        0.0000000000000000        0.0000000000000000     
 -0.27333333333333698        1.4829476852131829       0.56250000000000000        2.4072241577550033E-011   4.2795096137866726E-011  0.56250000002222178        0.0000000000000000        0.0000000000000000     
 -0.27000000000000363        1.4841952401329783       0.56250000000000000        2.3531272962489330E-011   4.1833374155536588E-011  0.56250000002172373        0.0000000000000000        0.0000000000000000     
 -0.26666666666667027        1.4854367390258307       0.56250000000000000        2.2994939034107359E-011   4.0879891616190859E-011  0.56250000002122647        0.0000000000000000        0.0000000000000000     
 -0.26333333333333692        1.4866722403379846       0.56250000000000000        2.2463308661507444E-011   3.9934770953791008E-011  0.56250000002073597        0.0000000000000000        0.0000000000000000     
 -0.26000000000000356        1.4879018022204011       0.56250000000000000        2.1936450176167592E-011   3.8998133646520162E-011  0.56250000002024825        0.0000000000000000        0.0000000000000000     
 -0.25666666666667021        1.4891254825880578       0.56250000000000000        2.1414431361062818E-011   3.8070100197445011E-011  0.56250000001976530        0.0000000000000000        0.0000000000000000     
 -0.25333333333333685        1.4903433391775027       0.56250000000000000        2.0897319439861773E-011   3.7150790115309817E-011  0.56250000001928724        0.0000000000000000        0.0000000000000000     
 -0.25000000000000350        1.4915554296026214       0.56250000000000000        2.0385181066199743E-011   3.6240321895466208E-011  0.56250000001881284        0.0000000000000000        0.0000000000000000     
 -0.24666666666667017        1.4927618114085990       0.56250000000000000        1.9878082313029443E-011   3.5338813000941232E-011  0.56250000001834466        0.0000000000000000        0.0000000000000000     
 -0.24333333333333684        1.4939625421240452       0.56250000000000000        1.9376088662052785E-011   3.4446379843649396E-011  0.56250000001787903        0.0000000000000000        0.0000000000000000     
 -0.24000000000000352        1.4951576793112760       0.56250000000000000        1.8879264993235042E-011   3.3563137765751188E-011  0.56250000001742106        0.0000000000000000        0.0000000000000000     
 -0.23666666666667019        1.4963472806147227       0.56250000000000000        1.8387675574403093E-011   3.2689201021161054E-011  0.56250000001696721        0.0000000000000000        0.0000000000000000     
 -0.23333333333333686        1.4975314038074763       0.56250000000000000        1.7901384050931260E-011   3.1824682757211131E-011  0.56250000001651568        0.0000000000000000        0.0000000000000000     
 -0.23000000000000353        1.4987101068359463       0.56250000000000000        1.7420453435515329E-011   3.0969694996471696E-011  0.56250000001607048        0.0000000000000000        0.0000000000000000     
 -0.22666666666667021        1.4998834478626437       0.56250000000000000        1.6944946098037279E-011   3.0124348618732938E-011  0.56250000001563072        0.0000000000000000        0.0000000000000000     
 -0.22333333333333688        1.5010514853070824       0.56250000000000000        1.6474923755523256E-011   2.9288753343152453E-011  0.56250000001519507        0.0000000000000000        0.0000000000000000     
 -0.22000000000000355        1.5022142778848049       0.56250000000000000        1.6010447462195912E-011   2.8463017710570510E-011  0.56250000001476896        0.0000000000000000        0.0000000000000000     
 -0.21666666666667023        1.5033718846445459       0.56250000000000000        1.5551577599623733E-011   2.7647249065997747E-011  0.56250000001434319        0.0000000000000000        0.0000000000000000     
 -0.21333333333333690        1.5045243650035340       0.56250000000000000        1.5098373866969311E-011   2.6841553541278774E-011  0.56250000001392275        0.0000000000000000        0.0000000000000000     
 -0.21000000000000357        1.5056717787809546       0.56250000000000000        1.4650895271338217E-011   2.6046036037934609E-011  0.56250000001351119        0.0000000000000000        0.0000000000000000     
 -0.20666666666667025        1.5068141862295839       0.56250000000000000        1.4209200118230153E-011   2.5260800210186938E-011  0.56250000001310241        0.0000000000000000        0.0000000000000000     
 -0.20333333333333692        1.5079516480656099       0.56250000000000000        1.3773346002095677E-011   2.4485948448170092E-011  0.56250000001269762        0.0000000000000000        0.0000000000000000     
 -0.20000000000000359        1.5090842254966701       0.56250000000000000        1.3343389796998173E-011   2.3721581861330084E-011  0.56250000001230327        0.0000000000000000        0.0000000000000000     
 -0.19666666666667026        1.5102119802481135       0.56250000000000000        1.2919387647385466E-011   2.2967800262018606E-011  0.56250000001191081        0.0000000000000000        0.0000000000000000     
 -0.19333333333333694        1.5113349745875218       0.56250000000000000        1.2501394958970502E-011   2.2224702149280893E-011  0.56250000001152489        0.0000000000000000        0.0000000000000000     
 -0.19000000000000361        1.5124532713475098       0.56250000000000000        1.2089466389724996E-011   2.1492384692844437E-011  0.56250000001114420        0.0000000000000000        0.0000000000000000     
 -0.18666666666667028        1.5135669339468301       0.56250000000000000        1.1683655840986553E-011   2.0770943717309428E-011  0.56250000001076739        0.0000000000000000        0.0000000000000000     
 -0.18333333333333696        1.5146760264098136       0.56250000000000000        1.1284016448681463E-011   2.0060473686544823E-011  0.56250000001040101        0.0000000000000000        0.0000000000000000     
 -0.18000000000000363        1.5157806133841711       0.56250000000000000        1.0890600574665214E-011   1.9361067688293715E-011  0.56250000001003642        0.0000000000000000        0.0000000000000000     
 -0.17666666666667030        1.5168807601571890       0.56250000000000000        1.0503459798181946E-011   1.8672817418990125E-011  0.56250000000967892        0.0000000000000000        0.0000000000000000     
 -0.17333333333333698        1.5179765326703472       0.56250000000000000        1.0122644907445008E-011   1.7995813168791124E-011  0.56250000000932743        0.0000000000000000        0.0000000000000000     
 -0.17000000000000365        1.5190679975323891       0.56250000000000000        9.7482058913402787E-012   1.7330143806827163E-011  0.56250000000898248        0.0000000000000000        0.0000000000000000     
 -0.16666666666667032        1.5201552220308840       0.56250000000000000        9.3801919312535494E-012   1.6675896766672978E-011  0.56250000000864175        0.0000000000000000        0.0000000000000000     
 -0.16333333333333699        1.5212382741423049       0.56250000000000000        9.0186513930242487E-012   1.6033158032043108E-011  0.56250000000830847        0.0000000000000000        0.0000000000000000     
 -0.16000000000000367        1.5223172225406587       0.56250000000000000        8.6636318190264984E-012   1.5402012122713773E-011  0.56250000000798128        0.0000000000000000        0.0000000000000000     
 -0.15666666666667034        1.5233921366047076       0.56250000000000000        8.3151799203797202E-012   1.4782542080675058E-011  0.56250000000765921        0.0000000000000000        0.0000000000000000     
 -0.15333333333333701        1.5244630864238078       0.56250000000000000        7.9733415692898060E-012   1.4174829456515211E-011  0.56250000000734501        0.0000000000000000        0.0000000000000000     
 -0.15000000000000369        1.5255301428024017       0.56250000000000000        7.6381617915229683E-012   1.3578954296040833E-011  0.56250000000703426        0.0000000000000000        0.0000000000000000     
 -0.14666666666667036        1.5265933772632050       0.56250000000000000        7.3096847590132693E-012   1.2994995127134700E-011  0.56250000000673339        0.0000000000000000        0.0000000000000000     
 -0.14333333333333703        1.5276528620491123       0.56250000000000000        6.9879537826058390E-012   1.2423028946854825E-011  0.56250000000643563        0.0000000000000000        0.0000000000000000     
 -0.14000000000000370        1.5287086701238668       0.56250000000000000        6.6730113049368389E-012   1.1863131208776602E-011  0.56250000000614664        0.0000000000000000        0.0000000000000000     
 -0.13666666666667038        1.5297608751715164       0.56250000000000000        6.3648988934518883E-012   1.1315375810581135E-011  0.56250000000585987        0.0000000000000000        0.0000000000000000     
 -0.13333333333333705        1.5308095515947076       0.56250000000000000        6.0636572335643777E-012   1.0779835081892227E-011  0.56250000000558231        0.0000000000000000        0.0000000000000000     
 -0.13000000000000372        1.5318547745118309       0.56250000000000000        5.7693261219548446E-012   1.0256579772364169E-011  0.56250000000531264        0.0000000000000000        0.0000000000000000     
 -0.12666666666667040        1.5328966197530716       0.56250000000000000        5.4819444600130824E-012   9.7456790400232571E-012  0.56250000000504807        0.0000000000000000        0.0000000000000000     
 -0.12333333333333707        1.5339351638553866       0.56250000000000000        5.2015502474241494E-012   9.2472004398651552E-012  0.56250000000478906        0.0000000000000000        0.0000000000000000     
 -0.12000000000000374        1.5349704840564484       0.56250000000000000        4.9281805758994596E-012   8.7612099127101499E-012  0.56250000000453571        0.0000000000000000        0.0000000000000000     
 -0.11666666666667042        1.5360026582875852       0.56250000000000000        4.6618716230547615E-012   8.2877717743195762E-012  0.56250000000429190        0.0000000000000000        0.0000000000000000     
 -0.11333333333333709        1.5370317651657559       0.56250000000000000        4.4026586464354814E-012   7.8269487047741892E-012  0.56250000000405165        0.0000000000000000        0.0000000000000000     
 -0.11000000000000376        1.5380578839845840       0.56250000000000000        4.1505759776915080E-012   7.3788017381182365E-012  0.56250000000382094        0.0000000000000000        0.0000000000000000     
 -0.10666666666667043        1.5390810947044964       0.56250000000000000        3.9056570169018053E-012   6.9433902522698762E-012  0.56250000000359546        0.0000000000000000        0.0000000000000000     
 -0.10333333333333711        1.5401014779419839       0.56250000000000000        3.6679342270507101E-012   6.5207719592012625E-012  0.56250000000337641        0.0000000000000000        0.0000000000000000     
 -0.10000000000000378        1.5411191149580288       0.56250000000000000        3.4374391286566067E-012   6.1110028953895232E-012  0.56250000000316258        0.0000000000000000        0.0000000000000000     
  -9.6666666666670453E-002   1.5421340876457206       0.56250000000000000        3.2142022945542244E-012   5.7141374125408435E-012  0.56250000000295663        0.0000000000000000        0.0000000000000000     
  -9.3333333333337126E-002   1.5431464785171007       0.56250000000000000        2.9982533448316701E-012   5.3302281685896356E-012  0.56250000000275657        0.0000000000000000        0.0000000000000000     
  -9.0000000000003799E-002   1.5441563706892552       0.56250000000000000        2.7896209419232144E-012   4.9593261189746034E-012  0.56250000000256850        0.0000000000000000        0.0000000000000000     
  -8.6666666666670472E-002   1.5451638478696972       0.56250000000000000        2.5883327858588245E-012   4.6014805081934661E-012  0.56250000000238154        0.0000000000000000        0.0000000000000000     
  -8.3333333333337145E-002   1.5461689943410617       0.56250000000000000        2.3944156096713486E-012   4.2567388616379526E-012  0.56250000000220102        0.0000000000000000        0.0000000000000000     
  -8.0000000000003818E-002   1.5471718949451418       0.56250000000000000        2.2078951749625603E-012   3.9251469777112181E-012  0.56250000000202938        0.0000000000000000        0.0000000000000000     
  -7.6666666666670491E-002   1.5481726350663012       0.56250000000000000        2.0287962676285871E-012   3.6067489202285992E-012  0.56250000000186517        0.0000000000000000        0.0000000000000000     
  -7.3333333333337164E-002   1.5491713006142849       0.56250000000000000        1.8571426937460168E-012   3.3015870111040299E-012  0.56250000000171008        0.0000000000000000        0.0000000000000000     
  -7.0000000000003837E-002   1.5501679780064586       0.56250000000000000        1.6929572756191594E-012   3.0097018233229501E-012  0.56250000000155631        0.0000000000000000        0.0000000000000000     
  -6.6666666666670510E-002   1.5511627541495043       0.56250000000000000        1.5362618479895832E-012   2.7311321742037033E-012  0.56250000000141420        0.0000000000000000        0.0000000000000000     
  -6.3333333333337183E-002   1.5521557164206019       0.56250000000000000        1.3870772544085183E-012   2.4659151189484768E-012  0.56250000000127698        0.0000000000000000        0.0000000000000000     
  -6.0000000000003849E-002   1.5531469526481154       0.56250000000000000        1.2454233437729394E-012   2.2140859444852256E-012  0.56250000000114553        0.0000000000000000        0.0000000000000000     
  -5.6666666666670515E-002   1.5541365510918215       0.56250000000000000        1.1113189670260552E-012   1.9756781636018757E-012  0.56250000000102207        0.0000000000000000        0.0000000000000000     
  -5.3333333333337181E-002   1.5551246004226948       0.56250000000000000        9.8478197402288028E-013   1.7507235093740094E-012  0.56250000000090161        0.0000000000000000        0.0000000000000000     
  -5.0000000000003847E-002   1.5561111897022848       0.56250000000000000        8.6582921056152335E-013   1.5392519298871525E-012  0.56250000000079836        0.0000000000000000        0.0000000000000000     
  -4.6666666666670513E-002   1.5570964083617034       0.56250000000000000        7.5447651558080838E-013   1.3412915832547705E-012  0.56250000000069478        0.0000000000000000        0.0000000000000000     
  -4.3333333333337179E-002   1.5580803461802499       0.56250000000000000        6.5073871852482550E-013   1.1568688329330232E-012  0.56250000000059741        0.0000000000000000        0.0000000000000000     
  -4.0000000000003845E-002   1.5590630932636984       0.56250000000000000        5.5462963687495390E-013   9.8600824333325137E-013  0.56250000000050948        0.0000000000000000        0.0000000000000000     
  -3.6666666666670511E-002   1.5600447400222712       0.56250000000000000        4.6616207384984210E-013   8.2873257573305258E-013  0.56250000000042755        0.0000000000000000        0.0000000000000000     
  -3.3333333333337177E-002   1.5610253771483218       0.56250000000000000        3.8534781627386091E-013   6.8506278448686386E-013  0.56250000000035572        0.0000000000000000        0.0000000000000000     
  -3.0000000000003843E-002   1.5620050955937499       0.56250000000000000        3.1219763261443535E-013   5.5501801353677392E-013  0.56250000000028644        0.0000000000000000        0.0000000000000000     
  -2.6666666666670509E-002   1.5629839865471755       0.56250000000000000        2.4672127118869016E-013   4.3861559322433806E-013  0.56250000000022815        0.0000000000000000        0.0000000000000000     
  -2.3333333333337175E-002   1.5639621414108891       0.56250000000000000        1.8892745853975895E-013   3.3587103740401590E-013  0.56250000000017353        0.0000000000000000        0.0000000000000000     
  -2.0000000000003841E-002   1.5649396517776064       0.56250000000000000        1.3882389798310767E-013   2.4679804085885810E-013  0.56250000000012701        0.0000000000000000        0.0000000000000000     
  -1.6666666666670507E-002   1.5659166094070465       0.56250000000000000        9.6417268323169372E-014   1.7140847701896776E-013  0.56250000000008904        0.0000000000000000        0.0000000000000000     
  -1.3333333333337173E-002   1.5668931062023572       0.56250000000000000        6.1713222740553711E-014   1.0971239598320659E-013  0.56250000000005607        0.0000000000000000        0.0000000000000000     
  -1.0000000000003839E-002   1.5678692341864102       0.56250000000000000        3.4716387850063987E-014   6.1718022844558200E-014  0.56250000000003075        0.0000000000000000        0.0000000000000000     
  -6.6666666666705052E-003   1.5688450854779854       0.56250000000000000        1.5430362929718600E-014   2.7431756319499735E-014  0.56250000000001465        0.0000000000000000        0.0000000000000000     
  -3.3333333333371716E-003   1.5698207522678707       0.56250000000000000        3.8577193209349737E-015   6.8581676816621753E-015  0.56250000000000422        0.0000000000000000        0.0000000000000000     
  -3.8380756905986857E-015   1.5707963267948954       0.56250000000000000        5.1145217694638678E-039   9.0924831457135426E-039  0.56250000000000000        0.0000000000000000        0.0000000000000000     
