  -1.0000000000000000        4.7123889803846897        6.2500000000000000E-002   1.2772722570158314E-010   2.0436356112253302E-009   6.2500000127712646E-002   0.0000000000000000        0.0000000000000000     
 -0.99666666666666670        4.7380266907344915        6.2500000000000000E-002   1.2772438418873304E-010   2.0435901470197287E-009   6.2500000127708788E-002   0.0000000000000000        0.0000000000000000     
 -0.99333333333333340        4.7640819505825007        6.2500000000000000E-002   1.2771584732035605E-010   2.0434535571256968E-009   6.2500000127699309E-002   0.0000000000000000        0.0000000000000000     
 -0.99000000000000010        4.7905534056862260        6.2500000000000000E-002   1.2770159703273119E-010   2.0432255525236991E-009   6.2500000127683253E-002   0.0000000000000000        0.0000000000000000     
 -0.98666666666666680        4.8174375805387530        6.2500000000000000E-002   1.2768161584146388E-010   2.0429058534634220E-009   6.2500000127661146E-002   0.0000000000000000        0.0000000000000000     
 -0.98333333333333350        4.8447285213769078        6.2500000000000000E-002   1.2765588684722921E-010   2.0424941895556674E-009   6.2500000127631378E-002   0.0000000000000000        0.0000000000000000     
 -0.98000000000000020        4.8724173948995206        6.2500000000000000E-002   1.2762439374145189E-010   2.0419902998632302E-009   6.2500000127595309E-002   0.0000000000000000        0.0000000000000000     
 -0.97666666666666690        4.9004920399604117        6.2500000000000000E-002   1.2758712081192822E-010   2.0413939329908515E-009   6.2500000127552371E-002   0.0000000000000000        0.0000000000000000     
 -0.97333333333333361        4.9289364703101937        6.2500000000000000E-002   1.2754405294838087E-010   2.0407048471740939E-009   6.2500000127502300E-002   0.0000000000000000        0.0000000000000000     
 -0.97000000000000031        4.9577303277089442        6.2500000000000000E-002   1.2749517564795305E-010   2.0399228103672488E-009   6.2500000127445582E-002   0.0000000000000000        0.0000000000000000     
 -0.96666666666666701        4.9868482865443386        6.2500000000000000E-002   1.2744047502063285E-010   2.0390476003301257E-009   6.2500000127381009E-002   0.0000000000000000        0.0000000000000000     
 -0.96333333333333371        5.0162594136037972        6.2500000000000000E-002   1.2737993779461396E-010   2.0380790047138233E-009   6.2500000127309607E-002   0.0000000000000000        0.0000000000000000     
 -0.96000000000000041        5.0459264900121195        6.2500000000000000E-002   1.2731355132158377E-010   2.0370168211453403E-009   6.2500000127231031E-002   0.0000000000000000        0.0000000000000000     
 -0.95666666666666711        5.0758053066951669        6.2500000000000000E-002   1.2724130358194519E-010   2.0358608573111230E-009   6.2500000127144864E-002   0.0000000000000000        0.0000000000000000     
 -0.95333333333333381        5.1058439501775386        6.2500000000000000E-002   1.2716318318996346E-010   2.0346109310394154E-009   6.2500000127050523E-002   0.0000000000000000        0.0000000000000000     
 -0.95000000000000051        5.1359821021123251        6.2500000000000000E-002   1.2707917939884148E-010   2.0332668703814637E-009   6.2500000126949021E-002   0.0000000000000000        0.0000000000000000     
 -0.94666666666666721        5.1661503836085414        6.2500000000000000E-002   1.2698928210572178E-010   2.0318285136915484E-009   6.2500000126839816E-002   0.0000000000000000        0.0000000000000000     
 -0.94333333333333391        5.1962697839296608        6.2500000000000000E-002   1.2689348185661180E-010   2.0302957097057888E-009   6.2500000126723285E-002   0.0000000000000000        0.0000000000000000     
 -0.94000000000000061        5.2262512220040502        6.2500000000000000E-002   1.2679176985123124E-010   2.0286683176196998E-009   6.2500000126598190E-002   0.0000000000000000        0.0000000000000000     
 -0.93666666666666731        5.2559952976237998        6.2500000000000000E-002   1.2668413794778205E-010   2.0269462071645127E-009   6.2500000126465408E-002   0.0000000000000000        0.0000000000000000     
 -0.93333333333333401        5.2853922960521924        6.2500000000000000E-002   1.2657057866763967E-010   2.0251292586822347E-009   6.2500000126325062E-002   0.0000000000000000        0.0000000000000000     
 -0.93000000000000071        5.3143225134833143        6.2500000000000000E-002   1.2645108519996061E-010   2.0232173631993698E-009   6.2500000126175792E-002   0.0000000000000000        0.0000000000000000     
 -0.92666666666666742        5.3426569695614692        6.2500000000000000E-002   1.2632565140621061E-010   2.0212104224993698E-009   6.2500000126019140E-002   0.0000000000000000        0.0000000000000000     
 -0.92333333333333412        5.3702585650212207        6.2500000000000000E-002   1.2619427182460603E-010   2.0191083491936966E-009   6.2500000125854605E-002   0.0000000000000000        0.0000000000000000     
 -0.92000000000000082        5.3969837257104212        6.2500000000000000E-002   1.2605694167447334E-010   2.0169110667915734E-009   6.2500000125682423E-002   0.0000000000000000        0.0000000000000000     
 -0.91666666666666752        5.4226845477453169        6.2500000000000000E-002   1.2591365686051956E-010   2.0146185097683129E-009   6.2500000125501678E-002   0.0000000000000000        0.0000000000000000     
 -0.91333333333333422        5.4472114224892296        6.2500000000000000E-002   1.2576441397701613E-010   2.0122306236322581E-009   6.2500000125312982E-002   0.0000000000000000        0.0000000000000000     
 -0.91000000000000092        5.4704160763641072        6.2500000000000000E-002   1.2560921031189495E-010   2.0097473649903193E-009   6.2500000125116445E-002   0.0000000000000000        0.0000000000000000     
 -0.90666666666666762        5.4921549131604683        6.2500000000000000E-002   1.2544804385075320E-010   2.0071687016120512E-009   6.2500000124912761E-002   0.0000000000000000        0.0000000000000000     
 -0.90333333333333432        5.5122925013936648        6.2500000000000000E-002   1.2528091328076623E-010   2.0044946124922597E-009   6.2500000124700070E-002   0.0000000000000000        0.0000000000000000     
 -0.90000000000000102        5.5307050134787872        6.2500000000000000E-002   1.2510781799450823E-010   2.0017250879121317E-009   6.2500000124480620E-002   0.0000000000000000        0.0000000000000000     
 -0.89666666666666772        5.5472834041437977        6.2500000000000000E-002   1.2492875809368066E-010   1.9988601294988905E-009   6.2500000124253469E-002   0.0000000000000000        0.0000000000000000     
 -0.89333333333333442        5.5619361180049340        6.2500000000000000E-002   1.2474373439274230E-010   1.9958997502838768E-009   6.2500000124018087E-002   0.0000000000000000        0.0000000000000000     
 -0.89000000000000112        5.5745911428211921        6.2500000000000000E-002   1.2455274842244673E-010   1.9928439747591477E-009   6.2500000123776156E-002   0.0000000000000000        0.0000000000000000     
 -0.88666666666666782        5.5851972736948561        6.2500000000000000E-002   1.2435580243327854E-010   1.9896928389324566E-009   6.2500000123526800E-002   0.0000000000000000        0.0000000000000000     
 -0.88333333333333452        5.5937245183074742        6.2500000000000000E-002   1.2415289939879445E-010   1.9864463903807113E-009   6.2500000123270547E-002   0.0000000000000000        0.0000000000000000     
 -0.88000000000000123        5.6001636450521097        6.2500000000000000E-002   1.2394404301886132E-010   1.9831046883017812E-009   6.2500000123007687E-002   0.0000000000000000        0.0000000000000000     
 -0.87666666666666793        5.6045249444163918        6.2500000000000000E-002   1.2372923772279615E-010   1.9796678035647383E-009   6.2500000122738250E-002   0.0000000000000000        0.0000000000000000     
 -0.87333333333333463        5.6068363300377779        6.2500000000000000E-002   1.2350848867240142E-010   1.9761358187584227E-009   6.2500000122463248E-002   0.0000000000000000        0.0000000000000000     
 -0.87000000000000133        5.6071409432178845        6.2500000000000000E-002   1.2328180176489809E-010   1.9725088282383694E-009   6.2500000122182070E-002   0.0000000000000000        0.0000000000000000     
 -0.86666666666666803        5.6054944408629854        6.2500000000000000E-002   1.2304918363575520E-010   1.9687869381720833E-009   6.2500000121895591E-002   0.0000000000000000        0.0000000000000000     
 -0.86333333333333473        5.6019621430369826        6.2500000000000000E-002   1.2281064166141327E-010   1.9649702665826123E-009   6.2500000121604685E-002   0.0000000000000000        0.0000000000000000     
 -0.86000000000000143        5.5966161965988723        6.2500000000000000E-002   1.2256618396190010E-010   1.9610589433904017E-009   6.2500000121308602E-002   0.0000000000000000        0.0000000000000000     
 -0.85666666666666813        5.5895328812662841        6.2500000000000000E-002   1.2231581940333985E-010   1.9570531104534376E-009   6.2500000121008301E-002   0.0000000000000000        0.0000000000000000     
 -0.85333333333333483        5.5807901495961598        6.2500000000000000E-002   1.2205955760035488E-010   1.9529529216056781E-009   6.2500000120704849E-002   0.0000000000000000        0.0000000000000000     
 -0.85000000000000153        5.5704654576879689        6.2500000000000000E-002   1.2179740891835475E-010   1.9487585426936759E-009   6.2500000120398830E-002   0.0000000000000000        0.0000000000000000     
 -0.84666666666666823        5.5586339124196265        6.2500000000000000E-002   1.2152938447571806E-010   1.9444701516114889E-009   6.2500000120089369E-002   0.0000000000000000        0.0000000000000000     
 -0.84333333333333493        5.5453667357644809        6.2500000000000000E-002   1.2125549614585905E-010   1.9400879383337447E-009   6.2500000119777882E-002   0.0000000000000000        0.0000000000000000     
 -0.84000000000000163        5.5307300279456806        6.2500000000000000E-002   1.2097575655918514E-010   1.9356121049469623E-009   6.2500000119465215E-002   0.0000000000000000        0.0000000000000000     
 -0.83666666666666833        5.5147837986264028        6.2500000000000000E-002   1.2069017910493759E-010   1.9310428656790014E-009   6.2500000119150967E-002   0.0000000000000000        0.0000000000000000     
 -0.83333333333333504        5.4975812281739795        6.2500000000000000E-002   1.2039877793291914E-010   1.9263804469267062E-009   6.2500000118836149E-002   0.0000000000000000        0.0000000000000000     
 -0.83000000000000174        5.4791681181572924        6.2500000000000000E-002   1.2010156795510679E-010   1.9216250872817087E-009   6.2500000118521123E-002   0.0000000000000000        0.0000000000000000     
 -0.82666666666666844        5.4595824904829495        6.2500000000000000E-002   1.1979856484714745E-010   1.9167770375543592E-009   6.2500000118206139E-002   0.0000000000000000        0.0000000000000000     
 -0.82333333333333514        5.4388542969063796        6.2500000000000000E-002   1.1948978504973541E-010   1.9118365607957666E-009   6.2500000117891516E-002   0.0000000000000000        0.0000000000000000     
 -0.82000000000000184        5.4170052042162098        6.2500000000000000E-002   1.1917524576987252E-010   1.9068039323179603E-009   6.2500000117577989E-002   0.0000000000000000        0.0000000000000000     
 -0.81666666666666854        5.3940484245479086        6.2500000000000000E-002   1.1885496498201073E-010   1.9016794397121717E-009   6.2500000117265517E-002   0.0000000000000000        0.0000000000000000     
 -0.81333333333333524        5.3699885646051531        6.2500000000000000E-002   1.1852896142907160E-010   1.8964633828651457E-009   6.2500000116954335E-002   0.0000000000000000        0.0000000000000000     
 -0.81000000000000194        5.3448214718095279        6.2500000000000000E-002   1.1819725462334891E-010   1.8911560739735825E-009   6.2500000116645194E-002   0.0000000000000000        0.0000000000000000     
 -0.80666666666666864        5.3185340594719488        6.2500000000000000E-002   1.1785986484728621E-010   1.8857578375565794E-009   6.2500000116337481E-002   0.0000000000000000        0.0000000000000000     
 -0.80333333333333534        5.2911040970335304        6.2500000000000000E-002   1.1751681315413566E-010   1.8802690104661706E-009   6.2500000116031865E-002   0.0000000000000000        0.0000000000000000     
 -0.80000000000000204        5.2624999554399157        6.2500000000000000E-002   1.1716812136849073E-010   1.8746899418958516E-009   6.2500000115728274E-002   0.0000000000000000        0.0000000000000000     
 -0.79666666666666874        5.2326803021108930        6.2500000000000000E-002   1.1681381208669834E-010   1.8690209933871734E-009   6.2500000115426155E-002   0.0000000000000000        0.0000000000000000     
 -0.79333333333333544        5.2015937452375596        6.2500000000000000E-002   1.1645390867714401E-010   1.8632625388343042E-009   6.2500000115126922E-002   0.0000000000000000        0.0000000000000000     
 -0.79000000000000214        5.1691784339953282        6.2500000000000000E-002   1.1608843528041307E-010   1.8574149644866091E-009   6.2500000114828702E-002   0.0000000000000000        0.0000000000000000     
 -0.78666666666666885        5.1353616307496441        6.2500000000000000E-002   1.1571741680932712E-010   1.8514786689492339E-009   6.2500000114532370E-002   0.0000000000000000        0.0000000000000000     
 -0.78333333333333555        5.1000592849642343        6.2500000000000000E-002   1.1534087894885340E-010   1.8454540631816544E-009   6.2500000114237189E-002   0.0000000000000000        0.0000000000000000     
 -0.78000000000000225        5.0631756585209331        6.2500000000000000E-002   1.1495884815588636E-010   1.8393415704941818E-009   6.2500000113942786E-002   0.0000000000000000        0.0000000000000000     
 -0.77666666666666895        5.0246030817794196        6.2500000000000000E-002   1.1457135165890257E-010   1.8331416265424410E-009   6.2500000113650075E-002   0.0000000000000000        0.0000000000000000     
 -0.77333333333333565        4.9842219637212803        6.2500000000000000E-002   1.1417841745748873E-010   1.8268546793198196E-009   6.2500000113356685E-002   0.0000000000000000        0.0000000000000000     
 -0.77000000000000235        4.9419012449125841        6.2500000000000000E-002   1.1378007432173864E-010   1.8204811891478183E-009   6.2500000113062212E-002   0.0000000000000000        0.0000000000000000     
 -0.76666666666666905        4.8974995788767783        6.2500000000000000E-002   1.1337635179152372E-010   1.8140216286643795E-009   6.2500000112766851E-002   0.0000000000000000        0.0000000000000000     
 -0.76333333333333575        4.8508676701469273        6.2500000000000000E-002   1.1296728017563108E-010   1.8074764828100972E-009   6.2500000112469298E-002   0.0000000000000000        0.0000000000000000     
 -0.76000000000000245        4.8018524055233058        6.2500000000000000E-002   1.1255289055077458E-010   1.8008462488123933E-009   6.2500000112167997E-002   0.0000000000000000        0.0000000000000000     
 -0.75666666666666915        4.7503037146464893        6.2500000000000000E-002   1.1213321476047250E-010   1.7941314361675600E-009   6.2500000111862297E-002   0.0000000000000000        0.0000000000000000     
 -0.75333333333333585        4.6960855169134401        6.2500000000000000E-002   1.1170828541379698E-010   1.7873325666207517E-009   6.2500000111550089E-002   0.0000000000000000        0.0000000000000000     
 -0.75000000000000255        4.6390926803987380        6.2500000000000000E-002   1.1127813588398979E-010   1.7804501741438367E-009   6.2500000111229526E-002   0.0000000000000000        0.0000000000000000     
 -0.74666666666666925        4.5792766350822038        6.2500000000000000E-002   1.1084280030694734E-010   1.7734848049111575E-009   6.2500000110897957E-002   0.0000000000000000        0.0000000000000000     
 -0.74333333333333595        4.5166830681466967        6.2500000000000000E-002   1.1040231357957508E-010   1.7664370172732013E-009   6.2500000110553608E-002   0.0000000000000000        0.0000000000000000     
 -0.74000000000000266        4.4515057130852904        6.2500000000000000E-002   1.0995671135800662E-010   1.7593073817281059E-009   6.2500000110193507E-002   0.0000000000000000        0.0000000000000000     
 -0.73666666666666936        4.3841599623167973        6.2500000000000000E-002   1.0950603005569305E-010   1.7520964808910888E-009   6.2500000109814186E-002   0.0000000000000000        0.0000000000000000     
 -0.73333333333333606        4.3153775329800670        6.2500000000000000E-002   1.0905030684135870E-010   1.7448049094617393E-009   6.2500000109412340E-002   0.0000000000000000        0.0000000000000000     
 -0.73000000000000276        4.2463164448675741        6.2500000000000000E-002   1.0858957963682039E-010   1.7374332741891263E-009   6.2500000108982975E-002   0.0000000000000000        0.0000000000000000     
 -0.72666666666666946        4.1786664740763957        6.2500000000000000E-002   1.0812388711468059E-010   1.7299821938348894E-009   6.2500000108523190E-002   0.0000000000000000        0.0000000000000000     
 -0.72333333333333616        4.1147085597362532        6.2500000000000000E-002   1.0765326869587798E-010   1.7224522991340477E-009   6.2500000108028711E-002   0.0000000000000000        0.0000000000000000     
 -0.72000000000000286        4.0572650505621333        6.2500000000000000E-002   1.0717776454711378E-010   1.7148442327538204E-009   6.2500000107494638E-002   0.0000000000000000        0.0000000000000000     
 -0.71666666666666956        4.0094783243321697        6.2500000000000000E-002   1.0669741557813526E-010   1.7071586492501642E-009   6.2500000106919168E-002   0.0000000000000000        0.0000000000000000     
 -0.71333333333333626        3.9744078391250071        6.2500000000000000E-002   1.0621226343889228E-010   1.6993962150222765E-009   6.2500000106299330E-002   0.0000000000000000        0.0000000000000000     
 -0.71000000000000296        3.9545416634475816        6.2500000000000000E-002   1.0572235051655674E-010   1.6915576082649078E-009   6.2500000105635861E-002   0.0000000000000000        0.0000000000000000     
 -0.70666666666666966        3.9514122173295965        6.2500000000000000E-002   1.0522771993240777E-010   1.6836435189185244E-009   6.2500000104934575E-002   0.0000000000000000        0.0000000000000000     
 -0.70333333333333636        3.9654895989088033        6.2500000000000000E-002   1.0472841553858347E-010   1.6756546486173355E-009   6.2500000104204451E-002   0.0000000000000000        0.0000000000000000     
 -0.70000000000000306        3.9963868788260326        6.2500000000000000E-002   1.0422448191469934E-010   1.6675917106351895E-009   6.2500000103464251E-002   0.0000000000000000        0.0000000000000000     
 -0.69666666666666976        4.0432629177120223        6.2500000000000000E-002   1.0371596436433244E-010   1.6594554298293190E-009   6.2500000102735501E-002   0.0000000000000000        0.0000000000000000     
 -0.69333333333333647        4.1052627286939147        6.2500000000000000E-002   1.0320290891136841E-010   1.6512465425818945E-009   6.2500000102045913E-002   0.0000000000000000        0.0000000000000000     
 -0.69000000000000317        4.1818914447284747        6.2500000000000000E-002   1.0268536229622114E-010   1.6429657967395382E-009   6.2500000101421399E-002   0.0000000000000000        0.0000000000000000     
 -0.68666666666666987        4.2732984480186378        6.2500000000000000E-002   1.0216337197191228E-010   1.6346139515505964E-009   6.2500000100887451E-002   0.0000000000000000        0.0000000000000000     
 -0.68333333333333657        4.3804925820850409        6.2500000000000000E-002   1.0163698610002045E-010   1.6261917776003271E-009   6.2500000100458447E-002   0.0000000000000000        0.0000000000000000     
 -0.68000000000000327        4.5054918612837032        6.2500000000000000E-002   1.0110625354649552E-010   1.6177000567439284E-009   6.2500000100136566E-002   0.0000000000000000        0.0000000000000000     
 -0.67666666666666997        4.6512842507384944        6.2500000000000000E-002   1.0057122387734317E-010   1.6091395820374907E-009   6.2500000099904821E-002   0.0000000000000000        0.0000000000000000     
 -0.67333333333333667        4.8210475932224233        6.2500000000000000E-002   1.0003194735416992E-010   1.6005111576667188E-009   6.2500000099721412E-002   0.0000000000000000        0.0000000000000000     
 -0.67000000000000337        5.0147663687441186        6.2500000000000000E-002   9.9488474929601775E-011   1.5918155988736284E-009   6.2500000099505154E-002   0.0000000000000000        0.0000000000000000     
 -0.66666666666667007        5.2184820876088613        6.2500000000000000E-002   9.8940858242567510E-011   1.5830537318810802E-009   6.2500000099131633E-002   0.0000000000000000        0.0000000000000000     
 -0.66333333333333677        5.3832164067729948        6.2500000000000000E-002   9.8389149613449526E-011   1.5742263938151924E-009   6.2500000098435426E-002   0.0000000000000000        0.0000000000000000     
 -0.66000000000000347        5.4261318094093394        6.2500000000000000E-002   9.7833402039103334E-011   1.5653344326256533E-009   6.2500000097283723E-002   0.0000000000000000        0.0000000000000000     
 -0.65666666666667017        5.2962040805717781        6.2500000000000000E-002   9.7273669187747066E-011   1.5563787070039531E-009   6.2500000095904895E-002   0.0000000000000000        0.0000000000000000     
 -0.65333333333333687        4.9827795960828016        6.2500000000000000E-002   9.6710005393717232E-011   1.5473600862994757E-009   6.2500000095203123E-002   0.0000000000000000        0.0000000000000000     
 -0.65000000000000357        4.4130159804305178        6.2500000000000000E-002   9.6142465652096797E-011   1.5382794504335487E-009   6.2500000095699018E-002   0.0000000000000000        0.0000000000000000     
 -0.64666666666667028        4.1005297665067202        6.2500000000000000E-002   9.5571105613210285E-011   1.5291376898113646E-009   6.2500000093909214E-002   0.0000000000000000        0.0000000000000000     
 -0.64333333333333698        3.2965846466718003        6.2500000000000000E-002   9.4995981576992102E-011   1.5199357052318736E-009   6.2500000092050284E-002   0.0000000000000000        0.0000000000000000     
 -0.64000000000000368       0.46280355892146324        6.2500000000000000E-002   9.4417150487222866E-011   1.5106744077955659E-009   6.2500000091926328E-002   0.0000000000000000        0.0000000000000000     
 -0.63666666666667038        4.7550917004073732        6.2500000000000000E-002   9.3834669925639961E-011   1.5013547188102394E-009   6.2500000090490809E-002   0.0000000000000000        0.0000000000000000     
 -0.63333333333333708        5.7937880089079847        6.2500000000000000E-002   9.3248598105917394E-011   1.4919775696946783E-009   6.2500000091585795E-002   0.0000000000000000        0.0000000000000000     
 -0.63000000000000378        5.8737539008771300        6.2500000000000000E-002   9.2658993867520944E-011   1.4825439018803351E-009   6.2500000091099073E-002   0.0000000000000000        0.0000000000000000     
 -0.62666666666667048       0.59276352416125655        6.2500000000000000E-002   9.2065916669434109E-011   1.4730546667109457E-009   6.2500000090281393E-002   0.0000000000000000        0.0000000000000000     
 -0.62333333333333718        1.4648156401400068        6.2500000000000000E-002   9.1469426583759091E-011   1.4635108253401455E-009   6.2500000089367971E-002   0.0000000000000000        0.0000000000000000     
 -0.62000000000000388        1.9001950133956369        6.2500000000000000E-002   9.0869584289192912E-011   1.4539133486270866E-009   6.2500000090253444E-002   0.0000000000000000        0.0000000000000000     
 -0.61666666666667058        1.8944040841705980        6.2500000000000000E-002   9.0266451064378603E-011   1.4442632170300576E-009   6.2500000090090005E-002   0.0000000000000000        0.0000000000000000     
 -0.61333333333333728        2.0404367133331749        6.2500000000000000E-002   8.9660088781129726E-011   1.4345614204980756E-009   6.2500000089256116E-002   0.0000000000000000        0.0000000000000000     
 -0.61000000000000398        2.0137418588240092        6.2500000000000000E-002   8.9050559897537712E-011   1.4248089583606034E-009   6.2500000087074209E-002   0.0000000000000000        0.0000000000000000     
 -0.60666666666667068        5.0323872068408573        6.2500000000000000E-002   8.8437927450949278E-011   1.4150068392151885E-009   6.2500000086109814E-002   0.0000000000000000        0.0000000000000000     
 -0.60333333333333738       0.36976416026415948        6.2500000000000000E-002   8.7822255050830058E-011   1.4051560808132809E-009   6.2500000087180790E-002   0.0000000000000000        0.0000000000000000     
 -0.60000000000000409        4.2577242066772598        6.2500000000000000E-002   8.7203606871499936E-011   1.3952577099439990E-009   6.2500000086615493E-002   0.0000000000000000        0.0000000000000000     
 -0.59666666666667079        5.9807223238278340        6.2500000000000000E-002   8.6582047644756267E-011   1.3853127623161003E-009   6.2500000084138835E-002   0.0000000000000000        0.0000000000000000     
 -0.59333333333333749        3.1419523852255669        6.2500000000000000E-002   8.5957642652370752E-011   1.3753222824379320E-009   6.2500000084610222E-002   0.0000000000000000        0.0000000000000000     
 -0.59000000000000419        2.5608528666976857        6.2500000000000000E-002   8.5330457718474401E-011   1.3652873234955904E-009   6.2500000085152108E-002   0.0000000000000000        0.0000000000000000     
 -0.58666666666667089        2.9981524155888963        6.2500000000000000E-002   8.4700559201822656E-011   1.3552089472291625E-009   6.2500000083882762E-002   0.0000000000000000        0.0000000000000000     
 -0.58333333333333759        3.2472878264092850        6.2500000000000000E-002   8.4068013987944674E-011   1.3450882238071148E-009   6.2500000082706508E-002   0.0000000000000000        0.0000000000000000     
 -0.58000000000000429        3.3805902451173657        6.2500000000000000E-002   8.3432889481178003E-011   1.3349262316988481E-009   6.2500000081942980E-002   0.0000000000000000        0.0000000000000000     
 -0.57666666666667099        3.4533434326526207        6.2500000000000000E-002   8.2795253596590479E-011   1.3247240575454477E-009   6.2500000081368551E-002   0.0000000000000000        0.0000000000000000     
 -0.57333333333333769        3.4914814950118203        6.2500000000000000E-002   8.2155174751787194E-011   1.3144827960285951E-009   6.2500000080842708E-002   0.0000000000000000        0.0000000000000000     
 -0.57000000000000439        3.5083490017855978        6.2500000000000000E-002   8.1512721858607956E-011   1.3042035497377273E-009   6.2500000080301918E-002   0.0000000000000000        0.0000000000000000     
 -0.56666666666667109        3.5111676352309193        6.2500000000000000E-002   8.0867964314713545E-011   1.2938874290354167E-009   6.2500000079724533E-002   0.0000000000000000        0.0000000000000000     
 -0.56333333333333779        3.5037808814912097        6.2500000000000000E-002   8.0220971995060724E-011   1.2835355519209716E-009   6.2500000079105403E-002   0.0000000000000000        0.0000000000000000     
 -0.56000000000000449        3.4879769445894571        6.2500000000000000E-002   7.9571815243272407E-011   1.2731490438923585E-009   6.2500000078448262E-002   0.0000000000000000        0.0000000000000000     
 -0.55666666666667119        3.4641616353693281        6.2500000000000000E-002   7.8920564862899073E-011   1.2627290378063852E-009   6.2500000077764017E-002   0.0000000000000000        0.0000000000000000     
 -0.55333333333333790        3.4316751404787404        6.2500000000000000E-002   7.8267292108573794E-011   1.2522766737371807E-009   6.2500000077068157E-002   0.0000000000000000        0.0000000000000000     
 -0.55000000000000460        3.3888687657432373        6.2500000000000000E-002   7.7612068677064763E-011   1.2417930988330362E-009   6.2500000076380888E-002   0.0000000000000000        0.0000000000000000     
 -0.54666666666667130        3.3329676777255122        6.2500000000000000E-002   7.6954966698223091E-011   1.2312794671715695E-009   6.2500000075735376E-002   0.0000000000000000        0.0000000000000000     
 -0.54333333333333800        3.2596768506223048        6.2500000000000000E-002   7.6296058725829154E-011   1.2207369396132665E-009   6.2500000075168843E-002   0.0000000000000000        0.0000000000000000     
 -0.54000000000000470        3.1624292611287230        6.2500000000000000E-002   7.5635417728339516E-011   1.2101666836534323E-009   6.2500000074729195E-002   0.0000000000000000        0.0000000000000000     
 -0.53666666666667140        3.0312784786647184        6.2500000000000000E-002   7.4973117079534033E-011   1.1995698732725445E-009   6.2500000074458578E-002   0.0000000000000000        0.0000000000000000     
 -0.53333333333333810        2.8530292280366565        6.2500000000000000E-002   7.4309230549064675E-011   1.1889476887850348E-009   6.2500000074348583E-002   0.0000000000000000        0.0000000000000000     
 -0.53000000000000480        2.6272852244181606        6.2500000000000000E-002   7.3643832292908887E-011   1.1783013166865422E-009   6.2500000074198800E-002   0.0000000000000000        0.0000000000000000     
 -0.52666666666667150        2.4803601658100649        6.2500000000000000E-002   7.2976996843728827E-011   1.1676319494996612E-009   6.2500000073236389E-002   0.0000000000000000        0.0000000000000000     
 -0.52333333333333820        2.9264596399313505        6.2500000000000000E-002   7.2308799101135501E-011   1.1569407856181680E-009   6.2500000071645093E-002   0.0000000000000000        0.0000000000000000     
 -0.52000000000000490        4.1963758291257349        6.2500000000000000E-002   7.1639314321863100E-011   1.1462290291498096E-009   6.2500000070909736E-002   0.0000000000000000        0.0000000000000000     
 -0.51666666666667160        5.9319643441754124        6.2500000000000000E-002   7.0968618109851542E-011   1.1354978897576247E-009   6.2500000071673431E-002   0.0000000000000000        0.0000000000000000     
 -0.51333333333333830        4.2277896002063402        6.2500000000000000E-002   7.0296786406240340E-011   1.1247485824998454E-009   6.2500000069941247E-002   0.0000000000000000        0.0000000000000000     
 -0.51000000000000500        4.3170800952180981        6.2500000000000000E-002   6.9623895479277811E-011   1.1139823276684450E-009   6.2500000070190909E-002   0.0000000000000000        0.0000000000000000     
 -0.50666666666667171        5.6978193881663968        6.2500000000000000E-002   6.8950021914140156E-011   1.1032003506262425E-009   6.2500000069564687E-002   0.0000000000000000        0.0000000000000000     
 -0.50333333333333841       0.44417870757944922        6.2500000000000000E-002   6.8275242602670975E-011   1.0924038816427356E-009   6.2500000069619560E-002   0.0000000000000000        0.0000000000000000     
 -0.50000000000000511        2.8585273471655719        6.2500000000000000E-002   6.7599634733036718E-011   1.0815941557285875E-009   6.2500000066030820E-002   0.0000000000000000        0.0000000000000000     
 -0.49666666666667175        2.7264054608215922        6.2500000000000000E-002   6.6923275779299764E-011   1.0707724124687962E-009   6.2500000066926117E-002   0.0000000000000000        0.0000000000000000     
 -0.49333333333333840       0.89475006310994920        6.2500000000000000E-002   6.6246243490916778E-011   1.0599398958546685E-009   6.2500000066381858E-002   0.0000000000000000        0.0000000000000000     
 -0.49000000000000504        2.0571046554419228        6.2500000000000000E-002   6.5568615882155613E-011   1.0490978541144898E-009   6.2500000065181582E-002   0.0000000000000000        0.0000000000000000     
 -0.48666666666667169        2.2076817616574669        6.2500000000000000E-002   6.4890471221438682E-011   1.0382475395430189E-009   6.2500000065673730E-002   0.0000000000000000        0.0000000000000000     
 -0.48333333333333833        2.0505985331270176        6.2500000000000000E-002   6.4211888020613090E-011   1.0273902083298094E-009   6.2500000064987404E-002   0.0000000000000000        0.0000000000000000     
 -0.48000000000000498        1.8726267984768021        6.2500000000000000E-002   6.3532945024147198E-011   1.0165271203863552E-009   6.2500000063824085E-002   0.0000000000000000        0.0000000000000000     
 -0.47666666666667162        1.7324777803426143        6.2500000000000000E-002   6.2853721198257697E-011   1.0056595391721231E-009   6.2500000062662611E-002   0.0000000000000000        0.0000000000000000     
 -0.47333333333333827        1.6277383213517373        6.2500000000000000E-002   6.2174295719969909E-011   9.9478873151951855E-010   6.2500000061630992E-002   0.0000000000000000        0.0000000000000000     
 -0.47000000000000491        1.5493803588660719        6.2500000000000000E-002   6.1494747966107838E-011   9.8391596745772541E-010   6.2500000060741051E-002   0.0000000000000000        0.0000000000000000     
 -0.46666666666667156        1.4902117431426625        6.2500000000000000E-002   6.0815157502223206E-011   9.7304252003557129E-010   6.2500000059968780E-002   0.0000000000000000        0.0000000000000000     
 -0.46333333333333820        1.4451860616680239        6.2500000000000000E-002   6.0135604071460011E-011   9.6216966514336018E-010   6.2500000059286132E-002   0.0000000000000000        0.0000000000000000     
 -0.46000000000000485        1.4107865589842692        6.2500000000000000E-002   5.9456167583357726E-011   9.5129868133372361E-010   6.2500000058668154E-002   0.0000000000000000        0.0000000000000000     
 -0.45666666666667149        1.3845152915231325        6.2500000000000000E-002   5.8776928102596168E-011   9.4043084964153869E-010   6.2500000058092878E-002   0.0000000000000000        0.0000000000000000     
 -0.45333333333333814        1.3645553683701366        6.2500000000000000E-002   5.8097965837683557E-011   9.2956745340293692E-010   6.2500000057545413E-002   0.0000000000000000        0.0000000000000000     
 -0.45000000000000479        1.3495552452585251        6.2500000000000000E-002   5.7419361129588215E-011   9.1870977807341144E-010   6.2500000057014796E-002   0.0000000000000000        0.0000000000000000     
 -0.44666666666667143        1.3384896123353334        6.2500000000000000E-002   5.6741194440318600E-011   9.0785911104509759E-010   6.2500000056491908E-002   0.0000000000000000        0.0000000000000000     
 -0.44333333333333808        1.3305676093327967        6.2500000000000000E-002   5.6063546341450369E-011   8.9701674146320591E-010   6.2500000055970728E-002   0.0000000000000000        0.0000000000000000     
 -0.44000000000000472        1.3251706751349746        6.2500000000000000E-002   5.5386497502605942E-011   8.8618396004169507E-010   6.2500000055447119E-002   0.0000000000000000        0.0000000000000000     
 -0.43666666666667137        1.3218093786905691        6.2500000000000000E-002   5.4710128679885201E-011   8.7536205887816322E-010   6.2500000054918667E-002   0.0000000000000000        0.0000000000000000     
 -0.43333333333333801        1.3200927187338942        6.2500000000000000E-002   5.4034520704252499E-011   8.6455233126803998E-010   6.2500000054382790E-002   0.0000000000000000        0.0000000000000000     
 -0.43000000000000466        1.3197058221998095        6.2500000000000000E-002   5.3359754469879137E-011   8.5375607151806618E-010   6.2500000053839086E-002   0.0000000000000000        0.0000000000000000     
 -0.42666666666667130        1.3203934355351288        6.2500000000000000E-002   5.2685910922445355E-011   8.4297457475912567E-010   6.2500000053285848E-002   0.0000000000000000        0.0000000000000000     
 -0.42333333333333795        1.3219474998678600        6.2500000000000000E-002   5.2013071047403574E-011   8.3220913675845719E-010   6.2500000052723478E-002   0.0000000000000000        0.0000000000000000     
 -0.42000000000000459        1.3241976628786976        6.2500000000000000E-002   5.1341315858204296E-011   8.2146105373126874E-010   6.2500000052152546E-002   0.0000000000000000        0.0000000000000000     
 -0.41666666666667124        1.3270039404410832        6.2500000000000000E-002   5.0670726384486768E-011   8.1073162215178828E-010   6.2500000051571747E-002   0.0000000000000000        0.0000000000000000     
 -0.41333333333333788        1.3302509772278699        6.2500000000000000E-002   5.0001383660237224E-011   8.0002213856379558E-010   6.2500000050982982E-002   0.0000000000000000        0.0000000000000000     
 -0.41000000000000453        1.3338435135825935        6.2500000000000000E-002   4.9333368711917019E-011   7.8933389939067230E-010   6.2500000050386265E-002   0.0000000000000000        0.0000000000000000     
 -0.40666666666667117        1.3377027739358665        6.2500000000000000E-002   4.8666762546560995E-011   7.7866820074497593E-010   6.2500000049781804E-002   0.0000000000000000        0.0000000000000000     
 -0.40333333333333782        1.3417635671804256        6.2500000000000000E-002   4.8001646139850828E-011   7.6802633823761324E-010   6.2500000049170723E-002   0.0000000000000000        0.0000000000000000     
 -0.40000000000000446        1.3459719425991241        6.2500000000000000E-002   4.7338100424162841E-011   7.5740960678660546E-010   6.2500000048552856E-002   0.0000000000000000        0.0000000000000000     
 -0.39666666666667111        1.3502832831808711        6.2500000000000000E-002   4.6676206276595020E-011   7.4681930042552031E-010   6.2500000047929438E-002   0.0000000000000000        0.0000000000000000     
 -0.39333333333333775        1.3546607460569442        6.2500000000000000E-002   4.6016044506972901E-011   7.3625671211156641E-010   6.2500000047301496E-002   0.0000000000000000        0.0000000000000000     
 -0.39000000000000440        1.3590739804111660        6.2500000000000000E-002   4.5357695845838963E-011   7.2572313353342341E-010   6.2500000046668586E-002   0.0000000000000000        0.0000000000000000     
 -0.38666666666667104        1.3634980686435536        6.2500000000000000E-002   4.4701240932425519E-011   7.1521985491880831E-010   6.2500000046031859E-002   0.0000000000000000        0.0000000000000000     
 -0.38333333333333769        1.3679126482328636        6.2500000000000000E-002   4.4046760302614608E-011   7.0474816484183373E-010   6.2500000045391788E-002   0.0000000000000000        0.0000000000000000     
 -0.38000000000000433        1.3723011806531087        6.2500000000000000E-002   4.3394334376887287E-011   6.9430935003019659E-010   6.2500000044748802E-002   0.0000000000000000        0.0000000000000000     
 -0.37666666666667098        1.3766503405651436        6.2500000000000000E-002   4.2744043448263592E-011   6.8390469517221747E-010   6.2500000044103429E-002   0.0000000000000000        0.0000000000000000     
 -0.37333333333333762        1.3809495038385649        6.2500000000000000E-002   4.2095967670235609E-011   6.7353548272376975E-010   6.2500000043456391E-002   0.0000000000000000        0.0000000000000000     
 -0.37000000000000427        1.3851903171345548        6.2500000000000000E-002   4.1450187044696428E-011   6.6320299271514284E-010   6.2500000042808229E-002   0.0000000000000000        0.0000000000000000     
 -0.36666666666667092        1.3893663350705798        6.2500000000000000E-002   4.0806781409867369E-011   6.5290850255787790E-010   6.2500000042158360E-002   0.0000000000000000        0.0000000000000000     
 -0.36333333333333756        1.3934727135971454        6.2500000000000000E-002   4.0165830428224216E-011   6.4265328685158745E-010   6.2500000041508380E-002   0.0000000000000000        0.0000000000000000     
 -0.36000000000000421        1.3975059502976463        6.2500000000000000E-002   3.9527413574426966E-011   6.3243861719083146E-010   6.2500000040858317E-002   0.0000000000000000        0.0000000000000000     
 -0.35666666666667085        1.4014636639909688        6.2500000000000000E-002   3.8891610123253026E-011   6.2226576197204841E-010   6.2500000040208337E-002   0.0000000000000000        0.0000000000000000     
 -0.35333333333333750        1.4053444073607029        6.2500000000000000E-002   3.8258499137538240E-011   6.1213598620061184E-010   6.2500000039558648E-002   0.0000000000000000        0.0000000000000000     
 -0.35000000000000414        1.4091475074229460        6.2500000000000000E-002   3.7628159456126267E-011   6.0205055129802027E-010   6.2500000038910070E-002   0.0000000000000000        0.0000000000000000     
 -0.34666666666667079        1.4128729295291567        6.2500000000000000E-002   3.7000669681829508E-011   5.9201071490927213E-010   6.2500000038262768E-002   0.0000000000000000        0.0000000000000000     
 -0.34333333333333743        1.4165211613221234        6.2500000000000000E-002   3.6376108169404092E-011   5.8201773071046547E-010   6.2500000037616563E-002   0.0000000000000000        0.0000000000000000     
 -0.34000000000000408        1.4200931136546118        6.2500000000000000E-002   3.5754553013540408E-011   5.7207284821664652E-010   6.2500000036972342E-002   0.0000000000000000        0.0000000000000000     
 -0.33666666666667072        1.4235900359658482        6.2500000000000000E-002   3.5136082036871583E-011   5.6217731258994533E-010   6.2500000036330328E-002   0.0000000000000000        0.0000000000000000     
 -0.33333333333333737        1.4270134440121067        6.2500000000000000E-002   3.4520772778002729E-011   5.5233236444804366E-010   6.2500000035690076E-002   0.0000000000000000        0.0000000000000000     
 -0.33000000000000401        1.4303650581790839        6.2500000000000000E-002   3.3908702479563191E-011   5.4253923967301105E-010   6.2500000035052045E-002   0.0000000000000000        0.0000000000000000     
 -0.32666666666667066        1.4336467508787860        6.2500000000000000E-002   3.3299948076282984E-011   5.3279916922052774E-010   6.2500000034416719E-002   0.0000000000000000        0.0000000000000000     
 -0.32333333333333730        1.4368605017628286        6.2500000000000000E-002   3.2694586183097530E-011   5.2311337892956049E-010   6.2500000033784989E-002   0.0000000000000000        0.0000000000000000     
 -0.32000000000000395        1.4400083596747342        6.2500000000000000E-002   3.2092693083280912E-011   5.1348308933249459E-010   6.2500000033155437E-002   0.0000000000000000        0.0000000000000000     
 -0.31666666666667059        1.4430924104239093        6.2500000000000000E-002   3.1494344716611922E-011   5.0390951546579076E-010   6.2500000032529868E-002   0.0000000000000000        0.0000000000000000     
 -0.31333333333333724        1.4461147495976867        6.2500000000000000E-002   3.0899616667573311E-011   4.9439386668117298E-010   6.2500000031906783E-002   0.0000000000000000        0.0000000000000000     
 -0.31000000000000388        1.4490774597406313        6.2500000000000000E-002   3.0308584153588292E-011   4.8493734645741267E-010   6.2500000031287667E-002   0.0000000000000000        0.0000000000000000     
 -0.30666666666667053        1.4519825913252165        6.2500000000000000E-002   2.9721322013294895E-011   4.7554115221271832E-010   6.2500000030672076E-002   0.0000000000000000        0.0000000000000000     
 -0.30333333333333717        1.4548321470179466        6.2500000000000000E-002   2.9137904694861552E-011   4.6620647511778483E-010   6.2500000030060565E-002   0.0000000000000000        0.0000000000000000     
 -0.30000000000000382        1.4576280688131349        6.2500000000000000E-002   2.8558406244346042E-011   4.5693449990953666E-010   6.2500000029452801E-002   0.0000000000000000        0.0000000000000000     
 -0.29666666666667046        1.4603722276638362        6.2500000000000000E-002   2.7982900294099669E-011   4.4772640470559471E-010   6.2500000028849173E-002   0.0000000000000000        0.0000000000000000     
 -0.29333333333333711        1.4630664152885715        6.2500000000000000E-002   2.7411460051218831E-011   4.3858336081950130E-010   6.2500000028249819E-002   0.0000000000000000        0.0000000000000000     
 -0.29000000000000375        1.4657123378741208        6.2500000000000000E-002   2.6844158286046743E-011   4.2950653257674790E-010   6.2500000027654615E-002   0.0000000000000000        0.0000000000000000     
 -0.28666666666667040        1.4683116114303005        6.2500000000000000E-002   2.6281067320727573E-011   4.2049707713164118E-010   6.2500000027064267E-002   0.0000000000000000        0.0000000000000000     
 -0.28333333333333705        1.4708657585832188        6.2500000000000000E-002   2.5722259017814276E-011   4.1155614428502842E-010   6.2500000026477973E-002   0.0000000000000000        0.0000000000000000     
 -0.28000000000000369        1.4733762066197056        6.2500000000000000E-002   2.5167804768933783E-011   4.0268487630294052E-010   6.2500000025896799E-002   0.0000000000000000        0.0000000000000000     
 -0.27666666666667034        1.4758442866180670        6.2500000000000000E-002   2.4617775483510245E-011   3.9388440773616392E-010   6.2500000025319816E-002   0.0000000000000000        0.0000000000000000     
 -0.27333333333333698        1.4782712335200394        6.2500000000000000E-002   2.4072241577550033E-011   3.8515586524080052E-010   6.2500000024748259E-002   0.0000000000000000        0.0000000000000000     
 -0.27000000000000363        1.4806581870153692        6.2500000000000000E-002   2.3531272962489330E-011   3.7650036739982928E-010   6.2500000024181268E-002   0.0000000000000000        0.0000000000000000     
 -0.26666666666667027        1.4830061931254297        6.2500000000000000E-002   2.2994939034107359E-011   3.6791902454571774E-010   6.2500000023619870E-002   0.0000000000000000        0.0000000000000000     
 -0.26333333333333692        1.4853162063847145        6.2500000000000000E-002   2.2463308661507444E-011   3.5941293858411910E-010   6.2500000023063176E-002   0.0000000000000000        0.0000000000000000     
 -0.26000000000000356        1.4875890925305209        6.2500000000000000E-002   2.1936450176167592E-011   3.5098320281868147E-010   6.2500000022511951E-002   0.0000000000000000        0.0000000000000000     
 -0.25666666666667021        1.4898256316206477        6.2500000000000000E-002   2.1414431361062818E-011   3.4263090177700508E-010   6.2500000021965915E-002   0.0000000000000000        0.0000000000000000     
 -0.25333333333333685        1.4920265215077666        6.2500000000000000E-002   2.0897319439861773E-011   3.3435711103778837E-010   6.2500000021425056E-002   0.0000000000000000        0.0000000000000000     
 -0.25000000000000350        1.4941923816066094        6.2500000000000000E-002   2.0385181066199743E-011   3.2616289705919589E-010   6.2500000020890345E-002   0.0000000000000000        0.0000000000000000     
 -0.24666666666667017        1.4963237568968901        6.2500000000000000E-002   1.9878082313029443E-011   3.1804931700847109E-010   6.2500000020360533E-002   0.0000000000000000        0.0000000000000000     
 -0.24333333333333684        1.4984211221110042        6.2500000000000000E-002   1.9376088662052785E-011   3.1001741859284456E-010   6.2500000019836507E-002   0.0000000000000000        0.0000000000000000     
 -0.24000000000000352        1.5004848860607316        6.2500000000000000E-002   1.8879264993235042E-011   3.0206823989176067E-010   6.2500000019318394E-002   0.0000000000000000        0.0000000000000000     
 -0.23666666666667019        1.5025153960621771        6.2500000000000000E-002   1.8387675574403093E-011   2.9420280919044948E-010   6.2500000018806096E-002   0.0000000000000000        0.0000000000000000     
 -0.23333333333333686        1.5045129424224124        6.2500000000000000E-002   1.7901384050931260E-011   2.8642214481490016E-010   6.2500000018299473E-002   0.0000000000000000        0.0000000000000000     
 -0.23000000000000353        1.5064777629552895        6.2500000000000000E-002   1.7420453435515329E-011   2.7872725496824526E-010   6.2500000017798929E-002   0.0000000000000000        0.0000000000000000     
 -0.22666666666667021        1.5084100474973539        6.2500000000000000E-002   1.6944946098037279E-011   2.7111913756859646E-010   6.2500000017304741E-002   0.0000000000000000        0.0000000000000000     
 -0.22333333333333688        1.5103099423981114        6.2500000000000000E-002   1.6474923755523256E-011   2.6359878008837209E-010   6.2500000016815785E-002   0.0000000000000000        0.0000000000000000     
 -0.22000000000000355        1.5121775549618037        6.2500000000000000E-002   1.6010447462195912E-011   2.5616715939513459E-010   6.2500000016333240E-002   0.0000000000000000        0.0000000000000000     
 -0.21666666666667023        1.5140129578205579        6.2500000000000000E-002   1.5551577599623733E-011   2.4882524159397973E-010   6.2500000015857135E-002   0.0000000000000000        0.0000000000000000     
 -0.21333333333333690        1.5158161932211827        6.2500000000000000E-002   1.5098373866969311E-011   2.4157398187150898E-010   6.2500000015387164E-002   0.0000000000000000        0.0000000000000000     
 -0.21000000000000357        1.5175872772102745        6.2500000000000000E-002   1.4650895271338217E-011   2.3441432434141147E-010   6.2500000014923784E-002   0.0000000000000000        0.0000000000000000     
 -0.20666666666667025        1.5193262037041491        6.2500000000000000E-002   1.4209200118230153E-011   2.2734720189168245E-010   6.2500000014465998E-002   0.0000000000000000        0.0000000000000000     
 -0.20333333333333692        1.5210329484323146        6.2500000000000000E-002   1.3773346002095677E-011   2.2037353603353084E-010   6.2500000014015095E-002   0.0000000000000000        0.0000000000000000     
 -0.20000000000000359        1.5227074727445780        6.2500000000000000E-002   1.3343389796998173E-011   2.1349423675197076E-010   6.2500000013570478E-002   0.0000000000000000        0.0000000000000000     
 -0.19666666666667026        1.5243497272738680        6.2500000000000000E-002   1.2919387647385466E-011   2.0671020235816745E-010   6.2500000013132634E-002   0.0000000000000000        0.0000000000000000     
 -0.19333333333333694        1.5259596554480099        6.2500000000000000E-002   1.2501394958970502E-011   2.0002231934352803E-010   6.2500000012700688E-002   0.0000000000000000        0.0000000000000000     
 -0.19000000000000361        1.5275371968452287        6.2500000000000000E-002   1.2089466389724996E-011   1.9343146223559994E-010   6.2500000012276166E-002   0.0000000000000000        0.0000000000000000     
 -0.18666666666667028        1.5290822903892847        6.2500000000000000E-002   1.1683655840986553E-011   1.8693849345578485E-010   6.2500000011857931E-002   0.0000000000000000        0.0000000000000000     
 -0.18333333333333696        1.5305948773813760        6.2500000000000000E-002   1.1284016448681463E-011   1.8054426317890341E-010   6.2500000011446191E-002   0.0000000000000000        0.0000000000000000     
 -0.18000000000000363        1.5320749043668207        6.2500000000000000E-002   1.0890600574665214E-011   1.7424960919464342E-010   6.2500000011041668E-002   0.0000000000000000        0.0000000000000000     
 -0.17666666666667030        1.5335223258356263        6.2500000000000000E-002   1.0503459798181946E-011   1.6805535677091113E-010   6.2500000010644013E-002   0.0000000000000000        0.0000000000000000     
 -0.17333333333333698        1.5349371067567761        6.2500000000000000E-002   1.0122644907445008E-011   1.6196231851912013E-010   6.2500000010252757E-002   0.0000000000000000        0.0000000000000000     
 -0.17000000000000365        1.5363192249468889        6.2500000000000000E-002   9.7482058913402787E-012   1.5597129426144446E-010   6.2500000009868786E-002   0.0000000000000000        0.0000000000000000     
 -0.16666666666667032        1.5376686732745590        6.2500000000000000E-002   9.3801919312535494E-012   1.5008307090005679E-010   6.2500000009491380E-002   0.0000000000000000        0.0000000000000000     
 -0.16333333333333699        1.5389854617023120        6.2500000000000000E-002   9.0186513930242487E-012   1.4429842228838798E-010   6.2500000009121093E-002   0.0000000000000000        0.0000000000000000     
 -0.16000000000000367        1.5402696191686551        6.2500000000000000E-002   8.6636318190264984E-012   1.3861810910442397E-010   6.2500000008757467E-002   0.0000000000000000        0.0000000000000000     
 -0.15666666666667034        1.5415211953131591        6.2500000000000000E-002   8.3151799203797202E-012   1.3304287872607552E-010   6.2500000008401474E-002   0.0000000000000000        0.0000000000000000     
 -0.15333333333333701        1.5427402620479029        6.2500000000000000E-002   7.9733415692898060E-012   1.2757346510863690E-010   6.2500000008051781E-002   0.0000000000000000        0.0000000000000000     
 -0.15000000000000369        1.5439269149791039        6.2500000000000000E-002   7.6381617915229683E-012   1.2221058866436749E-010   6.2500000007709694E-002   0.0000000000000000        0.0000000000000000     
 -0.14666666666667036        1.5450812746828206        6.2500000000000000E-002   7.3096847590132693E-012   1.1695495614421231E-010   6.2500000007374504E-002   0.0000000000000000        0.0000000000000000     
 -0.14333333333333703        1.5462034878391266        6.2500000000000000E-002   6.9879537826058390E-012   1.1180726052169342E-010   6.2500000007046710E-002   0.0000000000000000        0.0000000000000000     
 -0.14000000000000370        1.5472937282292167        6.2500000000000000E-002   6.6730113049368389E-012   1.0676818087898942E-010   6.2500000006726078E-002   0.0000000000000000        0.0000000000000000     
 -0.13666666666667038        1.5483521976000694        6.2500000000000000E-002   6.3648988934518883E-012   1.0183838229523021E-010   6.2500000006413092E-002   0.0000000000000000        0.0000000000000000     
 -0.13333333333333705        1.5493791264015411        6.2500000000000000E-002   6.0636572335643777E-012   9.7018515737030043E-011   6.2500000006106254E-002   0.0000000000000000        0.0000000000000000     
 -0.13000000000000372        1.5503747744007226        6.2500000000000000E-002   5.7693261219548446E-012   9.2309217951277514E-011   6.2500000005807452E-002   0.0000000000000000        0.0000000000000000     
 -0.12666666666667040        1.5513394311785136        6.2500000000000000E-002   5.4819444600130824E-012   8.7711111360209319E-011   6.2500000005515602E-002   0.0000000000000000        0.0000000000000000     
 -0.12333333333333707        1.5522734165134406        6.2500000000000000E-002   5.2015502474241494E-012   8.3224803958786390E-011   6.2500000005231357E-002   0.0000000000000000        0.0000000000000000     
 -0.12000000000000374        1.5531770806576535        6.2500000000000000E-002   4.9281805758994596E-012   7.8850889214391354E-011   6.2500000004954578E-002   0.0000000000000000        0.0000000000000000     
 -0.11666666666667042        1.5540508045100998        6.2500000000000000E-002   4.6618716230547615E-012   7.4589945968876185E-011   6.2500000004684891E-002   0.0000000000000000        0.0000000000000000     
 -0.11333333333333709        1.5548949996918002        6.2500000000000000E-002   4.4026586464354814E-012   7.0442538342967703E-011   6.2500000004422337E-002   0.0000000000000000        0.0000000000000000     
 -0.11000000000000376        1.5557101085280762        6.2500000000000000E-002   4.1505759776915080E-012   6.6409215643064127E-011   6.2500000004167375E-002   0.0000000000000000        0.0000000000000000     
 -0.10666666666667043        1.5564966039425197        6.2500000000000000E-002   3.9056570169018053E-012   6.2490512270428885E-011   6.2500000003920239E-002   0.0000000000000000        0.0000000000000000     
 -0.10333333333333711        1.5572549892673861        6.2500000000000000E-002   3.6679342270507101E-012   5.8686947632811362E-011   6.2500000003680056E-002   0.0000000000000000        0.0000000000000000     
 -0.10000000000000378        1.5579857979750278        6.2500000000000000E-002   3.4374391286566067E-012   5.4999026058505707E-011   6.2500000003447229E-002   0.0000000000000000        0.0000000000000000     
  -9.6666666666670453E-002   1.5586895933347775        6.2500000000000000E-002   3.2142022945542244E-012   5.1427236712867591E-011   6.2500000003222381E-002   0.0000000000000000        0.0000000000000000     
  -9.3333333333337126E-002   1.5593669679996549        6.2500000000000000E-002   2.9982533448316701E-012   4.7972053517306722E-011   6.2500000003004874E-002   0.0000000000000000        0.0000000000000000     
  -9.0000000000003799E-002   1.5600185435270957        6.2500000000000000E-002   2.7896209419232144E-012   4.4633935070771430E-011   6.2500000002794848E-002   0.0000000000000000        0.0000000000000000     
  -8.6666666666670472E-002   1.5606449698377405        6.2500000000000000E-002   2.5883327858588245E-012   4.1413324573741192E-011   6.2500000002592523E-002   0.0000000000000000        0.0000000000000000     
  -8.3333333333337145E-002   1.5612469246162077        6.2500000000000000E-002   2.3944156096713486E-012   3.8310649754741577E-011   6.2500000002397041E-002   0.0000000000000000        0.0000000000000000     
  -8.0000000000003818E-002   1.5618251126576126        6.2500000000000000E-002   2.2078951749625603E-012   3.5326322799400965E-011   6.2500000002209830E-002   0.0000000000000000        0.0000000000000000     
  -7.6666666666670491E-002   1.5623802651634193        6.2500000000000000E-002   2.0287962676285871E-012   3.2460740282057394E-011   6.2500000002029987E-002   0.0000000000000000        0.0000000000000000     
  -7.3333333333337164E-002   1.5629131389901125        6.2500000000000000E-002   1.8571426937460168E-012   2.9714283099936269E-011   6.2500000001857736E-002   0.0000000000000000        0.0000000000000000     
  -7.0000000000003837E-002   1.5634245158539628        6.2500000000000000E-002   1.6929572756191594E-012   2.7087316409906550E-011   6.2500000001692854E-002   0.0000000000000000        0.0000000000000000     
  -6.6666666666670510E-002   1.5639152014950242        6.2500000000000000E-002   1.5362618479895832E-012   2.4580189567833331E-011   6.2500000001535758E-002   0.0000000000000000        0.0000000000000000     
  -6.3333333333337183E-002   1.5643860248033905        6.2500000000000000E-002   1.3870772544085183E-012   2.2193236070536292E-011   6.2500000001386224E-002   0.0000000000000000        0.0000000000000000     
  -6.0000000000003849E-002   1.5648378369105280        6.2500000000000000E-002   1.2454233437729394E-012   1.9926773500367030E-011   6.2500000001244393E-002   0.0000000000000000        0.0000000000000000     
  -5.6666666666670515E-002   1.5652715102483865        6.2500000000000000E-002   1.1113189670260552E-012   1.7781103472416883E-011   6.2500000001109848E-002   0.0000000000000000        0.0000000000000000     
  -5.3333333333337181E-002   1.5656879375788613        6.2500000000000000E-002   9.8478197402288028E-013   1.5756511584366084E-011   6.2500000000983422E-002   0.0000000000000000        0.0000000000000000     
  -5.0000000000003847E-002   1.5660880309960084        6.2500000000000000E-002   8.6582921056152335E-013   1.3853267368984374E-011   6.2500000000864517E-002   0.0000000000000000        0.0000000000000000     
  -4.6666666666670513E-002   1.5664727209033074        6.2500000000000000E-002   7.5447651558080838E-013   1.2071624249292934E-011   6.2500000000753550E-002   0.0000000000000000        0.0000000000000000     
  -4.3333333333337179E-002   1.5668429549681344        6.2500000000000000E-002   6.5073871852482550E-013   1.0411819496397208E-011   6.2500000000649661E-002   0.0000000000000000        0.0000000000000000     
  -4.0000000000003845E-002   1.5671996970554758        6.2500000000000000E-002   5.5462963687495390E-013   8.8740741899992624E-012   6.2500000000553335E-002   0.0000000000000000        0.0000000000000000     
  -3.6666666666670511E-002   1.5675439261428061        6.2500000000000000E-002   4.6616207384984210E-013   7.4585931815974737E-012   6.2500000000464934E-002   0.0000000000000000        0.0000000000000000     
  -3.3333333333337177E-002   1.5678766352179532        6.2500000000000000E-002   3.8534781627386091E-013   6.1655650603817746E-012   6.2500000000384442E-002   0.0000000000000000        0.0000000000000000     
  -3.0000000000003843E-002   1.5681988301616456        6.2500000000000000E-002   3.1219763261443535E-013   4.9951621218309656E-012   6.2500000000311334E-002   0.0000000000000000        0.0000000000000000     
  -2.6666666666670509E-002   1.5685115286163762        6.2500000000000000E-002   2.4672127118869016E-013   3.9475403390190426E-012   6.2500000000246025E-002   0.0000000000000000        0.0000000000000000     
  -2.3333333333337175E-002   1.5688157588430987        6.2500000000000000E-002   1.8892745853975895E-013   3.0228393366361432E-012   6.2500000000188308E-002   0.0000000000000000        0.0000000000000000     
  -2.0000000000003841E-002   1.5691125585672072        6.2500000000000000E-002   1.3882389798310767E-013   2.2211823677297228E-012   6.2500000000138695E-002   0.0000000000000000        0.0000000000000000     
  -1.6666666666670507E-002   1.5694029738151793        6.2500000000000000E-002   9.6417268323169372E-014   1.5426762931707100E-012   6.2500000000095965E-002   0.0000000000000000        0.0000000000000000     
  -1.3333333333337173E-002   1.5696880577431929        6.2500000000000000E-002   6.1713222740553711E-014   9.8741156384885938E-013   6.2500000000061784E-002   0.0000000000000000        0.0000000000000000     
  -1.0000000000003839E-002   1.5699688694589604        6.2500000000000000E-002   3.4716387850063987E-014   5.5546220560102380E-013   6.2500000000034583E-002   0.0000000000000000        0.0000000000000000     
  -6.6666666666705052E-003   1.5702464728380010        6.2500000000000000E-002   1.5430362929718600E-014   2.4688580687549760E-013   6.2500000000015099E-002   0.0000000000000000        0.0000000000000000     
  -3.3333333333371716E-003   1.5705219353355007        6.2500000000000000E-002   3.8577193209349737E-015   6.1723509134959580E-014   6.2500000000003719E-002   0.0000000000000000        0.0000000000000000     
  -3.8380756905986857E-015   1.5707963267948963        6.2500000000000000E-002   5.1145217694638678E-039   8.1832348311421885E-038   6.2500000000000000E-002   0.0000000000000000        0.0000000000000000     
