  -1.0000000000000000        1.5707963267948966       0.25000000000000000        1.2772722570158314E-010   5.1090890280633256E-010  0.25000000012474710        0.0000000000000000        0.0000000000000000     
 -0.99666666666666670        1.4863014971557700       0.25000000000000000        1.2772438418873304E-010   5.1089753675493216E-010  0.25000000012468682        0.0000000000000000        0.0000000000000000     
 -0.99333333333333340        1.3987627919921304       0.25000000000000000        1.2771584732035605E-010   5.1086338928142421E-010  0.25000000012447160        0.0000000000000000        0.0000000000000000     
 -0.99000000000000010        1.3114884308357471       0.25000000000000000        1.2770159703273119E-010   5.1080638813092478E-010  0.25000000012406887        0.0000000000000000        0.0000000000000000     
 -0.98666666666666680        1.2283104374250087       0.25000000000000000        1.2768161584146388E-010   5.1072646336585551E-010  0.25000000012346291        0.0000000000000000        0.0000000000000000     
 -0.98333333333333350        1.1529136469860077       0.25000000000000000        1.2765588684722921E-010   5.1062354738891686E-010  0.25000000012266949        0.0000000000000000        0.0000000000000000     
 -0.98000000000000020        1.0881006286722434       0.25000000000000000        1.2762439374145189E-010   5.1049757496580756E-010  0.25000000012171825        0.0000000000000000        0.0000000000000000     
 -0.97666666666666690        1.0353179210735270       0.25000000000000000        1.2758712081192822E-010   5.1034848324771287E-010  0.25000000012065526        0.0000000000000000        0.0000000000000000     
 -0.97333333333333361       0.99463081516047891       0.25000000000000000        1.2754405294838087E-010   5.1017621179352347E-010  0.25000000011953055        0.0000000000000000        0.0000000000000000     
 -0.97000000000000031       0.96506815473650409       0.25000000000000000        1.2749517564795305E-010   5.0998070259181220E-010  0.25000000011838724        0.0000000000000000        0.0000000000000000     
 -0.96666666666666701       0.94510059057801310       0.25000000000000000        1.2744047502063285E-010   5.0976190008253142E-010  0.25000000011725598        0.0000000000000000        0.0000000000000000     
 -0.96333333333333371       0.93304901672288054       0.25000000000000000        1.2737993779461396E-010   5.0951975117845582E-010  0.25000000011617429        0.0000000000000000        0.0000000000000000     
 -0.96000000000000041       0.92734158384302456       0.25000000000000000        1.2731355132158377E-010   5.0925420528633507E-010  0.25000000011515683        0.0000000000000000        0.0000000000000000     
 -0.95666666666666711       0.92663197374834794       0.25000000000000000        1.2724130358194519E-010   5.0896521432778075E-010  0.25000000011421952        0.0000000000000000        0.0000000000000000     
 -0.95333333333333381       0.92982641054055337       0.25000000000000000        1.2716318318996346E-010   5.0865273275985385E-010  0.25000000011337253        0.0000000000000000        0.0000000000000000     
 -0.95000000000000051       0.93606369326515471       0.25000000000000000        1.2707917939884148E-010   5.0831671759536593E-010  0.25000000011262064        0.0000000000000000        0.0000000000000000     
 -0.94666666666666721       0.94467745097712963       0.25000000000000000        1.2698928210572178E-010   5.0795712842288711E-010  0.25000000011196349        0.0000000000000000        0.0000000000000000     
 -0.94333333333333391       0.95515618065550600       0.25000000000000000        1.2689348185661180E-010   5.0757392742644721E-010  0.25000000011140455        0.0000000000000000        0.0000000000000000     
 -0.94000000000000061       0.96710780713804501       0.25000000000000000        1.2679176985123124E-010   5.0716707940492496E-010  0.25000000011094098        0.0000000000000000        0.0000000000000000     
 -0.93666666666666731       0.98023077127418679       0.25000000000000000        1.2668413794778205E-010   5.0673655179112818E-010  0.25000000011057188        0.0000000000000000        0.0000000000000000     
 -0.93333333333333401       0.99429148495661790       0.25000000000000000        1.2657057866763967E-010   5.0628231467055868E-010  0.25000000011029211        0.0000000000000000        0.0000000000000000     
 -0.93000000000000071        1.0091071938176244       0.25000000000000000        1.2645108519996061E-010   5.0580434079984245E-010  0.25000000011010060        0.0000000000000000        0.0000000000000000     
 -0.92666666666666742        1.0245331346509521       0.25000000000000000        1.2632565140621061E-010   5.0530260562484244E-010  0.25000000010999313        0.0000000000000000        0.0000000000000000     
 -0.92333333333333412        1.0404529814973908       0.25000000000000000        1.2619427182460603E-010   5.0477708729842414E-010  0.25000000010996626        0.0000000000000000        0.0000000000000000     
 -0.92000000000000082        1.0567717590171546       0.25000000000000000        1.2605694167447334E-010   5.0422776669789336E-010  0.25000000011001255        0.0000000000000000        0.0000000000000000     
 -0.91666666666666752        1.0734105863933490       0.25000000000000000        1.2591365686051956E-010   5.0365462744207823E-010  0.25000000011013096        0.0000000000000000        0.0000000000000000     
 -0.91333333333333422        1.0903027720366452       0.25000000000000000        1.2576441397701613E-010   5.0305765590806452E-010  0.25000000011031148        0.0000000000000000        0.0000000000000000     
 -0.91000000000000092        1.1073909033936378       0.25000000000000000        1.2560921031189495E-010   5.0243684124757981E-010  0.25000000011055007        0.0000000000000000        0.0000000000000000     
 -0.90666666666666762        1.1246246703610303       0.25000000000000000        1.2544804385075320E-010   5.0179217540301279E-010  0.25000000011084089        0.0000000000000000        0.0000000000000000     
 -0.90333333333333432        1.1419592307928728       0.25000000000000000        1.2528091328076623E-010   5.0112365312306491E-010  0.25000000011117651        0.0000000000000000        0.0000000000000000     
 -0.90000000000000102        1.1593539779545412       0.25000000000000000        1.2510781799450823E-010   5.0043127197803293E-010  0.25000000011154649        0.0000000000000000        0.0000000000000000     
 -0.89666666666666772        1.1767716072445693       0.25000000000000000        1.2492875809368066E-010   4.9971503237472262E-010  0.25000000011194851        0.0000000000000000        0.0000000000000000     
 -0.89333333333333442        1.1941774067697917       0.25000000000000000        1.2474373439274230E-010   4.9897493757096921E-010  0.25000000011237011        0.0000000000000000        0.0000000000000000     
 -0.89000000000000112        1.2115387162045799       0.25000000000000000        1.2455274842244673E-010   4.9821099368978692E-010  0.25000000011280665        0.0000000000000000        0.0000000000000000     
 -0.88666666666666782        1.2288245128368287       0.25000000000000000        1.2435580243327854E-010   4.9742320973311416E-010  0.25000000011324969        0.0000000000000000        0.0000000000000000     
 -0.88333333333333452        1.2460050942909009       0.25000000000000000        1.2415289939879445E-010   4.9661159759517782E-010  0.25000000011369322        0.0000000000000000        0.0000000000000000     
 -0.88000000000000123        1.2630518351940283       0.25000000000000000        1.2394404301886132E-010   4.9577617207544529E-010  0.25000000011412787        0.0000000000000000        0.0000000000000000     
 -0.87666666666666793        1.2799370007901221       0.25000000000000000        1.2372923772279615E-010   4.9491695089118458E-010  0.25000000011455031        0.0000000000000000        0.0000000000000000     
 -0.87333333333333463        1.2966336047595357       0.25000000000000000        1.2350848867240142E-010   4.9403395468960568E-010  0.25000000011495266        0.0000000000000000        0.0000000000000000     
 -0.87000000000000133        1.3131153016749220       0.25000000000000000        1.2328180176489809E-010   4.9312720705959234E-010  0.25000000011533124        0.0000000000000000        0.0000000000000000     
 -0.86666666666666803        1.3293563069009735       0.25000000000000000        1.2304918363575520E-010   4.9219673454302081E-010  0.25000000011568169        0.0000000000000000        0.0000000000000000     
 -0.86333333333333473        1.3453313385389123       0.25000000000000000        1.2281064166141327E-010   4.9124256664565308E-010  0.25000000011599893        0.0000000000000000        0.0000000000000000     
 -0.86000000000000143        1.3610155773771710       0.25000000000000000        1.2256618396190010E-010   4.9026473584760041E-010  0.25000000011628098        0.0000000000000000        0.0000000000000000     
 -0.85666666666666813        1.3763846418487280       0.25000000000000000        1.2231581940333985E-010   4.8926327761335941E-010  0.25000000011652423        0.0000000000000000        0.0000000000000000     
 -0.85333333333333483        1.3914145757946137       0.25000000000000000        1.2205955760035488E-010   4.8823823040141952E-010  0.25000000011672885        0.0000000000000000        0.0000000000000000     
 -0.85000000000000153        1.4060818474515586       0.25000000000000000        1.2179740891835475E-010   4.8718963567341898E-010  0.25000000011689488        0.0000000000000000        0.0000000000000000     
 -0.84666666666666823        1.4203633585631561       0.25000000000000000        1.2152938447571806E-010   4.8611753790287223E-010  0.25000000011701740        0.0000000000000000        0.0000000000000000     
 -0.84333333333333493        1.4342364628905542       0.25000000000000000        1.2125549614585905E-010   4.8502198458343618E-010  0.25000000011710122        0.0000000000000000        0.0000000000000000     
 -0.84000000000000163        1.4476789936939585       0.25000000000000000        1.2097575655918514E-010   4.8390302623674057E-010  0.25000000011714490        0.0000000000000000        0.0000000000000000     
 -0.83666666666666833        1.4606692999849635       0.25000000000000000        1.2069017910493759E-010   4.8276071641975034E-010  0.25000000011714923        0.0000000000000000        0.0000000000000000     
 -0.83333333333333504        1.4731862915260843       0.25000000000000000        1.2039877793291914E-010   4.8159511173167656E-010  0.25000000011711876        0.0000000000000000        0.0000000000000000     
 -0.83000000000000174        1.4852094926821777       0.25000000000000000        1.2010156795510679E-010   4.8040627182042717E-010  0.25000000011705015        0.0000000000000000        0.0000000000000000     
 -0.82666666666666844        1.4967191053145852       0.25000000000000000        1.1979856484714745E-010   4.7919425938858979E-010  0.25000000011694812        0.0000000000000000        0.0000000000000000     
 -0.82333333333333514        1.5076960809543534       0.25000000000000000        1.1948978504973541E-010   4.7795914019894166E-010  0.25000000011681706        0.0000000000000000        0.0000000000000000     
 -0.82000000000000184        1.5181222024943182       0.25000000000000000        1.1917524576987252E-010   4.7670098307949006E-010  0.25000000011665585        0.0000000000000000        0.0000000000000000     
 -0.81666666666666854        1.5279801756005735       0.25000000000000000        1.1885496498201073E-010   4.7541985992804293E-010  0.25000000011646806        0.0000000000000000        0.0000000000000000     
 -0.81333333333333524        1.5372537299580864       0.25000000000000000        1.1852896142907160E-010   4.7411584571628641E-010  0.25000000011625367        0.0000000000000000        0.0000000000000000     
 -0.81000000000000194        1.5459277303301642       0.25000000000000000        1.1819725462334891E-010   4.7278901849339562E-010  0.25000000011601925        0.0000000000000000        0.0000000000000000     
 -0.80666666666666864        1.5539882972233723       0.25000000000000000        1.1785986484728621E-010   4.7143945938914485E-010  0.25000000011576312        0.0000000000000000        0.0000000000000000     
 -0.80333333333333534        1.5614229367060688       0.25000000000000000        1.1751681315413566E-010   4.7006725261654264E-010  0.25000000011548840        0.0000000000000000        0.0000000000000000     
 -0.80000000000000204        1.5682206786286312       0.25000000000000000        1.1716812136849073E-010   4.6867248547396291E-010  0.25000000011519863        0.0000000000000000        0.0000000000000000     
 -0.79666666666666874        1.5743722221378476       0.25000000000000000        1.1681381208669834E-010   4.6725524834679335E-010  0.25000000011489226        0.0000000000000000        0.0000000000000000     
 -0.79333333333333544        1.5798700869707250       0.25000000000000000        1.1645390867714401E-010   4.6581563470857604E-010  0.25000000011457374        0.0000000000000000        0.0000000000000000     
 -0.79000000000000214        1.5847087685626551       0.25000000000000000        1.1608843528041307E-010   4.6435374112165228E-010  0.25000000011424328        0.0000000000000000        0.0000000000000000     
 -0.78666666666666885        1.5888848945229985       0.25000000000000000        1.1571741680932712E-010   4.6286966723730847E-010  0.25000000011390017        0.0000000000000000        0.0000000000000000     
 -0.78333333333333555        1.5923973795362198       0.25000000000000000        1.1534087894885340E-010   4.6136351579541361E-010  0.25000000011355061        0.0000000000000000        0.0000000000000000     
 -0.78000000000000225        1.5952475752606829       0.25000000000000000        1.1495884815588636E-010   4.5983539262354546E-010  0.25000000011319007        0.0000000000000000        0.0000000000000000     
 -0.77666666666666895        1.5974394113477155       0.25000000000000000        1.1457135165890257E-010   4.5828540663561026E-010  0.25000000011282197        0.0000000000000000        0.0000000000000000     
 -0.77333333333333565        1.5989795233228039       0.25000000000000000        1.1417841745748873E-010   4.5671366982995491E-010  0.25000000011244550        0.0000000000000000        0.0000000000000000     
 -0.77000000000000235        1.5998773627919505       0.25000000000000000        1.1378007432173864E-010   4.5512029728695457E-010  0.25000000011206475        0.0000000000000000        0.0000000000000000     
 -0.76666666666666905        1.6001452852952600       0.25000000000000000        1.1337635179152372E-010   4.5350540716609488E-010  0.25000000011167639        0.0000000000000000        0.0000000000000000     
 -0.76333333333333575        1.5997986111583762       0.25000000000000000        1.1296728017563108E-010   4.5186912070252431E-010  0.25000000011128176        0.0000000000000000        0.0000000000000000     
 -0.76000000000000245        1.5988556549185597       0.25000000000000000        1.1255289055077458E-010   4.5021156220309833E-010  0.25000000011088064        0.0000000000000000        0.0000000000000000     
 -0.75666666666666915        1.5973377193445195       0.25000000000000000        1.1213321476047250E-010   4.4853285904189001E-010  0.25000000011047513        0.0000000000000000        0.0000000000000000     
 -0.75333333333333585        1.5952690507349916       0.25000000000000000        1.1170828541379698E-010   4.4683314165518791E-010  0.25000000011006251        0.0000000000000000        0.0000000000000000     
 -0.75000000000000255        1.5926767530638124       0.25000000000000000        1.1127813588398979E-010   4.4511254353595917E-010  0.25000000010964529        0.0000000000000000        0.0000000000000000     
 -0.74666666666666925        1.5895906596159846       0.25000000000000000        1.1084280030694734E-010   4.4337120122778936E-010  0.25000000010922158        0.0000000000000000        0.0000000000000000     
 -0.74333333333333595        1.5860431619917741       0.25000000000000000        1.1040231357957508E-010   4.4160925431830032E-010  0.25000000010879359        0.0000000000000000        0.0000000000000000     
 -0.74000000000000266        1.5820689976906996       0.25000000000000000        1.0995671135800662E-010   4.3982684543202648E-010  0.25000000010836021        0.0000000000000000        0.0000000000000000     
 -0.73666666666666936        1.5777049988594190       0.25000000000000000        1.0950603005569305E-010   4.3802412022277220E-010  0.25000000010791873        0.0000000000000000        0.0000000000000000     
 -0.73333333333333606        1.5729898061245347       0.25000000000000000        1.0905030684135870E-010   4.3620122736543482E-010  0.25000000010747225        0.0000000000000000        0.0000000000000000     
 -0.73000000000000276        1.5679635526587887       0.25000000000000000        1.0858957963682039E-010   4.3435831854728157E-010  0.25000000010702228        0.0000000000000000        0.0000000000000000     
 -0.72666666666666946        1.5626675246766624       0.25000000000000000        1.0812388711468059E-010   4.3249554845872236E-010  0.25000000010656331        0.0000000000000000        0.0000000000000000     
 -0.72333333333333616        1.5571438053628559       0.25000000000000000        1.0765326869587798E-010   4.3061307478351192E-010  0.25000000010610046        0.0000000000000000        0.0000000000000000     
 -0.72000000000000286        1.5514349097586111       0.25000000000000000        1.0717776454711378E-010   4.2871105818845510E-010  0.25000000010563156        0.0000000000000000        0.0000000000000000     
 -0.71666666666666956        1.5455834183412687       0.25000000000000000        1.0669741557813526E-010   4.2678966231254105E-010  0.25000000010515655        0.0000000000000000        0.0000000000000000     
 -0.71333333333333626        1.5396316169244113       0.25000000000000000        1.0621226343889228E-010   4.2484905375556913E-010  0.25000000010467627        0.0000000000000000        0.0000000000000000     
 -0.71000000000000296        1.5336211500957651       0.25000000000000000        1.0572235051655674E-010   4.2288940206622695E-010  0.25000000010419010        0.0000000000000000        0.0000000000000000     
 -0.70666666666666966        1.5275926947311869       0.25000000000000000        1.0522771993240777E-010   4.2091087972963109E-010  0.25000000010369910        0.0000000000000000        0.0000000000000000     
 -0.70333333333333636        1.5215856592230825       0.25000000000000000        1.0472841553858347E-010   4.1891366215433387E-010  0.25000000010320095        0.0000000000000000        0.0000000000000000     
 -0.70000000000000306        1.5156379130016835       0.25000000000000000        1.0422448191469934E-010   4.1689792765879738E-010  0.25000000010269946        0.0000000000000000        0.0000000000000000     
 -0.69666666666666976        1.5097855497693726       0.25000000000000000        1.0371596436433244E-010   4.1486385745732976E-010  0.25000000010219137        0.0000000000000000        0.0000000000000000     
 -0.69333333333333647        1.5040626866783198       0.25000000000000000        1.0320290891136841E-010   4.1281163564547363E-010  0.25000000010167772        0.0000000000000000        0.0000000000000000     
 -0.69000000000000317        1.4985013005170633       0.25000000000000000        1.0268536229622114E-010   4.1074144918488456E-010  0.25000000010116047        0.0000000000000000        0.0000000000000000     
 -0.68666666666666987        1.4931311008856945       0.25000000000000000        1.0216337197191228E-010   4.0865348788764910E-010  0.25000000010063778        0.0000000000000000        0.0000000000000000     
 -0.68333333333333657        1.4879794393706183       0.25000000000000000        1.0163698610002045E-010   4.0654794440008178E-010  0.25000000010010959        0.0000000000000000        0.0000000000000000     
 -0.68000000000000327        1.4830712529078878       0.25000000000000000        1.0110625354649552E-010   4.0442501418598210E-010  0.25000000009957823        0.0000000000000000        0.0000000000000000     
 -0.67666666666666997        1.4784290388652479       0.25000000000000000        1.0057122387734317E-010   4.0228489550937267E-010  0.25000000009904239        0.0000000000000000        0.0000000000000000     
 -0.67333333333333667        1.4740728588820100       0.25000000000000000        1.0003194735416992E-010   4.0012778941667970E-010  0.25000000009850237        0.0000000000000000        0.0000000000000000     
 -0.67000000000000337        1.4700203681790718       0.25000000000000000        9.9488474929601775E-011   3.9795389971840710E-010  0.25000000009795720        0.0000000000000000        0.0000000000000000     
 -0.66666666666667007        1.4662868668764197       0.25000000000000000        9.8940858242567510E-011   3.9576343297027004E-010  0.25000000009740925        0.0000000000000000        0.0000000000000000     
 -0.66333333333333677        1.4628853698154081       0.25000000000000000        9.8389149613449526E-011   3.9355659845379810E-010  0.25000000009685674        0.0000000000000000        0.0000000000000000     
 -0.66000000000000347        1.4598266914565987       0.25000000000000000        9.7833402039103334E-011   3.9133360815641334E-010  0.25000000009630258        0.0000000000000000        0.0000000000000000     
 -0.65666666666667017        1.4571195425890986       0.25000000000000000        9.7273669187747066E-011   3.8909467675098827E-010  0.25000000009574219        0.0000000000000000        0.0000000000000000     
 -0.65333333333333687        1.4547706358221788       0.25000000000000000        9.6710005393717232E-011   3.8684002157486893E-010  0.25000000009518208        0.0000000000000000        0.0000000000000000     
 -0.65000000000000357        1.4527847971122849       0.25000000000000000        9.6142465652096797E-011   3.8456986260838719E-010  0.25000000009461515        0.0000000000000000        0.0000000000000000     
 -0.64666666666667028        1.4511650808911876       0.25000000000000000        9.5571105613210285E-011   3.8228442245284114E-010  0.25000000009404483        0.0000000000000000        0.0000000000000000     
 -0.64333333333333698        1.4499128866858959       0.25000000000000000        9.4995981576992102E-011   3.7998392630796841E-010  0.25000000009347417        0.0000000000000000        0.0000000000000000     
 -0.64000000000000368        1.4490280754457499       0.25000000000000000        9.4417150487222866E-011   3.7766860194889146E-010  0.25000000009289874        0.0000000000000000        0.0000000000000000     
 -0.63666666666667038        1.4485090841060024       0.25000000000000000        9.3834669925639961E-011   3.7533867970255984E-010  0.25000000009231926        0.0000000000000000        0.0000000000000000     
 -0.63333333333333708        1.4483530372117082       0.25000000000000000        9.3248598105917394E-011   3.7299439242366958E-010  0.25000000009173950        0.0000000000000000        0.0000000000000000     
 -0.63000000000000378        1.4485558546958348       0.25000000000000000        9.2658993867520944E-011   3.7063597547008378E-010  0.25000000009115586        0.0000000000000000        0.0000000000000000     
 -0.62666666666667048        1.4491123551484613       0.25000000000000000        9.2065916669434109E-011   3.6826366667773644E-010  0.25000000009056916        0.0000000000000000        0.0000000000000000     
 -0.62333333333333718        1.4500163541258793       0.25000000000000000        9.1469426583759091E-011   3.6587770633503636E-010  0.25000000008997841        0.0000000000000000        0.0000000000000000     
 -0.62000000000000388        1.4512607572319696       0.25000000000000000        9.0869584289192912E-011   3.6347833715677165E-010  0.25000000008938705        0.0000000000000000        0.0000000000000000     
 -0.61666666666667058        1.4528376478581384       0.25000000000000000        9.0266451064378603E-011   3.6106580425751441E-010  0.25000000008879181        0.0000000000000000        0.0000000000000000     
 -0.61333333333333728        1.4547383695944025       0.25000000000000000        8.9660088781129726E-011   3.5864035512451890E-010  0.25000000008819456        0.0000000000000000        0.0000000000000000     
 -0.61000000000000398        1.4569536034254575       0.25000000000000000        8.9050559897537712E-011   3.5620223959015085E-010  0.25000000008759415        0.0000000000000000        0.0000000000000000     
 -0.60666666666667068        1.4594734399039169       0.25000000000000000        8.8437927450949278E-011   3.5375170980379711E-010  0.25000000008699191        0.0000000000000000        0.0000000000000000     
 -0.60333333333333738        1.4622874465501539       0.25000000000000000        8.7822255050830058E-011   3.5128902020332023E-010  0.25000000008638568        0.0000000000000000        0.0000000000000000     
 -0.60000000000000409        1.4653847307688523       0.25000000000000000        8.7203606871499936E-011   3.4881442748599974E-010  0.25000000008577805        0.0000000000000000        0.0000000000000000     
 -0.59666666666667079        1.4687539985960134       0.25000000000000000        8.6582047644756267E-011   3.4632819057902507E-010  0.25000000008516737        0.0000000000000000        0.0000000000000000     
 -0.59333333333333749        1.4723836096025640       0.25000000000000000        8.5957642652370752E-011   3.4383057060948301E-010  0.25000000008455375        0.0000000000000000        0.0000000000000000     
 -0.59000000000000419        1.4762616282808232       0.25000000000000000        8.5330457718474401E-011   3.4132183087389760E-010  0.25000000008393830        0.0000000000000000        0.0000000000000000     
 -0.58666666666667089        1.4803758722328431       0.25000000000000000        8.4700559201822656E-011   3.3880223680729062E-010  0.25000000008331980        0.0000000000000000        0.0000000000000000     
 -0.58333333333333759        1.4847139574640915       0.25000000000000000        8.4068013987944674E-011   3.3627205595177870E-010  0.25000000008270040        0.0000000000000000        0.0000000000000000     
 -0.58000000000000429        1.4892633410663114       0.25000000000000000        8.3432889481178003E-011   3.3373155792471201E-010  0.25000000008207507        0.0000000000000000        0.0000000000000000     
 -0.57666666666667099        1.4940113615490045       0.25000000000000000        8.2795253596590479E-011   3.3118101438636192E-010  0.25000000008145007        0.0000000000000000        0.0000000000000000     
 -0.57333333333333769        1.4989452770523846       0.25000000000000000        8.2155174751787194E-011   3.2862069900714877E-010  0.25000000008082102        0.0000000000000000        0.0000000000000000     
 -0.57000000000000439        1.5040523016462346       0.25000000000000000        8.1512721858607956E-011   3.2605088743443182E-010  0.25000000008018980        0.0000000000000000        0.0000000000000000     
 -0.56666666666667109        1.5093196398903019       0.25000000000000000        8.0867964314713545E-011   3.2347185725885418E-010  0.25000000007955719        0.0000000000000000        0.0000000000000000     
 -0.56333333333333779        1.5147345198027029       0.25000000000000000        8.0220971995060724E-011   3.2088388798024290E-010  0.25000000007892120        0.0000000000000000        0.0000000000000000     
 -0.56000000000000449        1.5202842243552022       0.25000000000000000        7.9571815243272407E-011   3.1828726097308963E-010  0.25000000007828099        0.0000000000000000        0.0000000000000000     
 -0.55666666666667119        1.5259561215869959       0.25000000000000000        7.8920564862899073E-011   3.1568225945159629E-010  0.25000000007763978        0.0000000000000000        0.0000000000000000     
 -0.55333333333333790        1.5317376934040603       0.25000000000000000        7.8267292108573794E-011   3.1306916843429518E-010  0.25000000007699597        0.0000000000000000        0.0000000000000000     
 -0.55000000000000460        1.5376165631080689       0.25000000000000000        7.7612068677064763E-011   3.1044827470825905E-010  0.25000000007635070        0.0000000000000000        0.0000000000000000     
 -0.54666666666667130        1.5435805216786733       0.25000000000000000        7.6954966698223091E-011   3.0781986679289236E-010  0.25000000007570328        0.0000000000000000        0.0000000000000000     
 -0.54333333333333800        1.5496175528149816       0.25000000000000000        7.6296058725829154E-011   3.0518423490331662E-010  0.25000000007505224        0.0000000000000000        0.0000000000000000     
 -0.54000000000000470        1.5557158567271197       0.25000000000000000        7.5635417728339516E-011   3.0254167091335806E-010  0.25000000007439788        0.0000000000000000        0.0000000000000000     
 -0.53666666666667140        1.5618638726563854       0.25000000000000000        7.4973117079534033E-011   2.9989246831813613E-010  0.25000000007374079        0.0000000000000000        0.0000000000000000     
 -0.53333333333333810        1.5680503000933534       0.25000000000000000        7.4309230549064675E-011   2.9723692219625870E-010  0.25000000007308409        0.0000000000000000        0.0000000000000000     
 -0.53000000000000480        1.5742641186560942       0.25000000000000000        7.3643832292908887E-011   2.9457532917163555E-010  0.25000000007242312        0.0000000000000000        0.0000000000000000     
 -0.52666666666667150        1.5804946065873053       0.25000000000000000        7.2976996843728827E-011   2.9190798737491531E-010  0.25000000007176032        0.0000000000000000        0.0000000000000000     
 -0.52333333333333820        1.5867313578270037       0.25000000000000000        7.2308799101135501E-011   2.8923519640454200E-010  0.25000000007109563        0.0000000000000000        0.0000000000000000     
 -0.52000000000000490        1.5929642976188187       0.25000000000000000        7.1639314321863100E-011   2.8655725728745240E-010  0.25000000007042739        0.0000000000000000        0.0000000000000000     
 -0.51666666666667160        1.5991836966105404       0.25000000000000000        7.0968618109851542E-011   2.8387447243940617E-010  0.25000000006975887        0.0000000000000000        0.0000000000000000     
 -0.51333333333333830        1.6053801834146222       0.25000000000000000        7.0296786406240340E-011   2.8118714562496136E-010  0.25000000006908774        0.0000000000000000        0.0000000000000000     
 -0.51000000000000500        1.6115447556009563       0.25000000000000000        6.9623895479277811E-011   2.7849558191711125E-010  0.25000000006841561        0.0000000000000000        0.0000000000000000     
 -0.50666666666667171        1.6176687891016897       0.25000000000000000        6.8950021914140156E-011   2.7580008765656063E-010  0.25000000006774131        0.0000000000000000        0.0000000000000000     
 -0.50333333333333841        1.6237440460174706       0.25000000000000000        6.8275242602670975E-011   2.7310097041068390E-010  0.25000000006706419        0.0000000000000000        0.0000000000000000     
 -0.50000000000000511        1.6297626808236028       0.25000000000000000        6.7599634733036718E-011   2.7039853893214687E-010  0.25000000006638456        0.0000000000000000        0.0000000000000000     
 -0.49666666666667175        1.6357172449853314       0.25000000000000000        6.6923275779299764E-011   2.6769310311719906E-010  0.25000000006570672        0.0000000000000000        0.0000000000000000     
 -0.49333333333333840        1.6416006900017590       0.25000000000000000        6.6246243490916778E-011   2.6498497396366711E-010  0.25000000006502460        0.0000000000000000        0.0000000000000000     
 -0.49000000000000504        1.6474063689085436       0.25000000000000000        6.5568615882155613E-011   2.6227446352862245E-010  0.25000000006434198        0.0000000000000000        0.0000000000000000     
 -0.48666666666667169        1.6531280362797034       0.25000000000000000        6.4890471221438682E-011   2.5956188488575473E-010  0.25000000006365769        0.0000000000000000        0.0000000000000000     
 -0.48333333333333833        1.6587598467787503       0.25000000000000000        6.4211888020613090E-011   2.5684755208245236E-010  0.25000000006297229        0.0000000000000000        0.0000000000000000     
 -0.48000000000000498        1.6642963523185550       0.25000000000000000        6.3532945024147198E-011   2.5413178009658879E-010  0.25000000006228484        0.0000000000000000        0.0000000000000000     
 -0.47666666666667162        1.6697324978976886       0.25000000000000000        6.2853721198257697E-011   2.5141488479303079E-010  0.25000000006159934        0.0000000000000000        0.0000000000000000     
 -0.47333333333333827        1.6750636161884971       0.25000000000000000        6.2174295719969909E-011   2.4869718287987964E-010  0.25000000006091061        0.0000000000000000        0.0000000000000000     
 -0.47000000000000491        1.6802854209585858       0.25000000000000000        6.1494747966107838E-011   2.4597899186443135E-010  0.25000000006022216        0.0000000000000000        0.0000000000000000     
 -0.46666666666667156        1.6853939994127431       0.25000000000000000        6.0815157502223206E-011   2.4326063000889282E-010  0.25000000005953310        0.0000000000000000        0.0000000000000000     
 -0.46333333333333820        1.6903858035465642       0.25000000000000000        6.0135604071460011E-011   2.4054241628584004E-010  0.25000000005884232        0.0000000000000000        0.0000000000000000     
 -0.46000000000000485        1.6952576406060300       0.25000000000000000        5.9456167583357726E-011   2.3782467033343090E-010  0.25000000005815104        0.0000000000000000        0.0000000000000000     
 -0.45666666666667149        1.7000066627493808       0.25000000000000000        5.8776928102596168E-011   2.3510771241038467E-010  0.25000000005746109        0.0000000000000000        0.0000000000000000     
 -0.45333333333333814        1.7046303560082618       0.25000000000000000        5.8097965837683557E-011   2.3239186335073423E-010  0.25000000005676926        0.0000000000000000        0.0000000000000000     
 -0.45000000000000479        1.7091265286450752       0.25000000000000000        5.7419361129588215E-011   2.2967744451835286E-010  0.25000000005607936        0.0000000000000000        0.0000000000000000     
 -0.44666666666667143        1.7134932990021883       0.25000000000000000        5.6741194440318600E-011   2.2696477776127440E-010  0.25000000005538842        0.0000000000000000        0.0000000000000000     
 -0.44333333333333808        1.7177290829365606       0.25000000000000000        5.6063546341450369E-011   2.2425418536580148E-010  0.25000000005469852        0.0000000000000000        0.0000000000000000     
 -0.44000000000000472        1.7218325809304793       0.25000000000000000        5.5386497502605942E-011   2.2154599001042377E-010  0.25000000005400830        0.0000000000000000        0.0000000000000000     
 -0.43666666666667137        1.7258027649654823       0.25000000000000000        5.4710128679885201E-011   2.1884051471954080E-010  0.25000000005331818        0.0000000000000000        0.0000000000000000     
 -0.43333333333333801        1.7296388652423531       0.25000000000000000        5.4034520704252499E-011   2.1613808281700999E-010  0.25000000005262929        0.0000000000000000        0.0000000000000000     
 -0.43000000000000466        1.7333403568252861       0.25000000000000000        5.3359754469879137E-011   2.1343901787951655E-010  0.25000000005194095        0.0000000000000000        0.0000000000000000     
 -0.42666666666667130        1.7369069462833602       0.25000000000000000        5.2685910922445355E-011   2.1074364368978142E-010  0.25000000005125317        0.0000000000000000        0.0000000000000000     
 -0.42333333333333795        1.7403385583969253       0.25000000000000000        5.2013071047403574E-011   2.0805228418961430E-010  0.25000000005056794        0.0000000000000000        0.0000000000000000     
 -0.42000000000000459        1.7436353229909205       0.25000000000000000        5.1341315858204296E-011   2.0536526343281719E-010  0.25000000004988304        0.0000000000000000        0.0000000000000000     
 -0.41666666666667124        1.7467975619515148       0.25000000000000000        5.0670726384486768E-011   2.0268290553794707E-010  0.25000000004919892        0.0000000000000000        0.0000000000000000     
 -0.41333333333333788        1.7498257764765794       0.25000000000000000        5.0001383660237224E-011   2.0000553464094889E-010  0.25000000004851547        0.0000000000000000        0.0000000000000000     
 -0.41000000000000453        1.7527206346048743       0.25000000000000000        4.9333368711917019E-011   1.9733347484766807E-010  0.25000000004783574        0.0000000000000000        0.0000000000000000     
 -0.40666666666667117        1.7554829590631891       0.25000000000000000        4.8666762546560995E-011   1.9466705018624398E-010  0.25000000004715639        0.0000000000000000        0.0000000000000000     
 -0.40333333333333782        1.7581137154652211       0.25000000000000000        4.8001646139850828E-011   1.9200658455940331E-010  0.25000000004647926        0.0000000000000000        0.0000000000000000     
 -0.40000000000000446        1.7606140008907714       0.25000000000000000        4.7338100424162841E-011   1.8935240169665136E-010  0.25000000004580347        0.0000000000000000        0.0000000000000000     
 -0.39666666666667111        1.7629850328687828       0.25000000000000000        4.6676206276595020E-011   1.8670482510638008E-010  0.25000000004512923        0.0000000000000000        0.0000000000000000     
 -0.39333333333333775        1.7652281387831146       0.25000000000000000        4.6016044506972901E-011   1.8406417802789160E-010  0.25000000004445788        0.0000000000000000        0.0000000000000000     
 -0.39000000000000440        1.7673447457154623       0.25000000000000000        4.5357695845838963E-011   1.8143078338335585E-010  0.25000000004378886        0.0000000000000000        0.0000000000000000     
 -0.38666666666667104        1.7693363707357446       0.25000000000000000        4.4701240932425519E-011   1.7880496372970208E-010  0.25000000004312006        0.0000000000000000        0.0000000000000000     
 -0.38333333333333769        1.7712046116465483       0.25000000000000000        4.4046760302614608E-011   1.7618704121045843E-010  0.25000000004245754        0.0000000000000000        0.0000000000000000     
 -0.38000000000000433        1.7729511381848131       0.25000000000000000        4.3394334376887287E-011   1.7357733750754915E-010  0.25000000004179423        0.0000000000000000        0.0000000000000000     
 -0.37666666666667098        1.7745776836806615       0.25000000000000000        4.2744043448263592E-011   1.7097617379305437E-010  0.25000000004113454        0.0000000000000000        0.0000000000000000     
 -0.37333333333333762        1.7760860371707510       0.25000000000000000        4.2095967670235609E-011   1.6838387068094244E-010  0.25000000004047834        0.0000000000000000        0.0000000000000000     
 -0.37000000000000427        1.7774780359608564       0.25000000000000000        4.1450187044696428E-011   1.6580074817878571E-010  0.25000000003982459        0.0000000000000000        0.0000000000000000     
 -0.36666666666667092        1.7787555586303476       0.25000000000000000        4.0806781409867369E-011   1.6322712563946948E-010  0.25000000003917344        0.0000000000000000        0.0000000000000000     
 -0.36333333333333756        1.7799205184692737       0.25000000000000000        4.0165830428224216E-011   1.6066332171289686E-010  0.25000000003852574        0.0000000000000000        0.0000000000000000     
 -0.36000000000000421        1.7809748573372739       0.25000000000000000        3.9527413574426966E-011   1.5810965429770786E-010  0.25000000003788092        0.0000000000000000        0.0000000000000000     
 -0.35666666666667085        1.7819205399321012       0.25000000000000000        3.8891610123253026E-011   1.5556644049301210E-010  0.25000000003723899        0.0000000000000000        0.0000000000000000     
 -0.35333333333333750        1.7827595484545129       0.25000000000000000        3.8258499137538240E-011   1.5303399655015296E-010  0.25000000003660172        0.0000000000000000        0.0000000000000000     
 -0.35000000000000414        1.7834938776553710       0.25000000000000000        3.7628159456126267E-011   1.5051263782450507E-010  0.25000000003596690        0.0000000000000000        0.0000000000000000     
 -0.34666666666667079        1.7841255302501235       0.25000000000000000        3.7000669681829508E-011   1.4800267872731803E-010  0.25000000003533662        0.0000000000000000        0.0000000000000000     
 -0.34333333333333743        1.7846565126853962       0.25000000000000000        3.6376108169404092E-011   1.4550443267761637E-010  0.25000000003470901        0.0000000000000000        0.0000000000000000     
 -0.34000000000000408        1.7850888312420004       0.25000000000000000        3.5754553013540408E-011   1.4301821205416163E-010  0.25000000003408479        0.0000000000000000        0.0000000000000000     
 -0.33666666666667072        1.7854244884585631       0.25000000000000000        3.5136082036871583E-011   1.4054432814748633E-010  0.25000000003346629        0.0000000000000000        0.0000000000000000     
 -0.33333333333333737        1.7856654798599609       0.25000000000000000        3.4520772778002729E-011   1.3808309111201092E-010  0.25000000003284933        0.0000000000000000        0.0000000000000000     
 -0.33000000000000401        1.7858137909746432       0.25000000000000000        3.3908702479563191E-011   1.3563480991825276E-010  0.25000000003223788        0.0000000000000000        0.0000000000000000     
 -0.32666666666667066        1.7858713946253375       0.25000000000000000        3.3299948076282984E-011   1.3319979230513193E-010  0.25000000003162975        0.0000000000000000        0.0000000000000000     
 -0.32333333333333730        1.7858402484776508       0.25000000000000000        3.2694586183097530E-011   1.3077834473239012E-010  0.25000000003102552        0.0000000000000000        0.0000000000000000     
 -0.32000000000000395        1.7857222928315728       0.25000000000000000        3.2092693083280912E-011   1.2837077233312365E-010  0.25000000003042649        0.0000000000000000        0.0000000000000000     
 -0.31666666666667059        1.7855194486411383       0.25000000000000000        3.1494344716611922E-011   1.2597737886644769E-010  0.25000000002983214        0.0000000000000000        0.0000000000000000     
 -0.31333333333333724        1.7852336157480724       0.25000000000000000        3.0899616667573311E-011   1.2359846667029324E-010  0.25000000002924028        0.0000000000000000        0.0000000000000000     
 -0.31000000000000388        1.7848666713155732       0.25000000000000000        3.0308584153588292E-011   1.2123433661435317E-010  0.25000000002865458        0.0000000000000000        0.0000000000000000     
 -0.30666666666667053        1.7844204684490113       0.25000000000000000        2.9721322013294895E-011   1.1888528805317958E-010  0.25000000002807315        0.0000000000000000        0.0000000000000000     
 -0.30333333333333717        1.7838968349907953       0.25000000000000000        2.9137904694861552E-011   1.1655161877944621E-010  0.25000000002749523        0.0000000000000000        0.0000000000000000     
 -0.30000000000000382        1.7832975724771440       0.25000000000000000        2.8558406244346042E-011   1.1423362497738417E-010  0.25000000002692374        0.0000000000000000        0.0000000000000000     
 -0.29666666666667046        1.7826244552452339       0.25000000000000000        2.7982900294099669E-011   1.1193160117639868E-010  0.25000000002635520        0.0000000000000000        0.0000000000000000     
 -0.29333333333333711        1.7818792296794703       0.25000000000000000        2.7411460051218831E-011   1.0964584020487533E-010  0.25000000002579326        0.0000000000000000        0.0000000000000000     
 -0.29000000000000375        1.7810636135864952       0.25000000000000000        2.6844158286046743E-011   1.0737663314418697E-010  0.25000000002523448        0.0000000000000000        0.0000000000000000     
 -0.28666666666667040        1.7801792956888376       0.25000000000000000        2.6281067320727573E-011   1.0512426928291029E-010  0.25000000002468242        0.0000000000000000        0.0000000000000000     
 -0.28333333333333705        1.7792279352278202       0.25000000000000000        2.5722259017814276E-011   1.0288903607125710E-010  0.25000000002413370        0.0000000000000000        0.0000000000000000     
 -0.28000000000000369        1.7782111616667673       0.25000000000000000        2.5167804768933783E-011   1.0067121907573513E-010  0.25000000002359146        0.0000000000000000        0.0000000000000000     
 -0.27666666666667034        1.7771305744861832       0.25000000000000000        2.4617775483510245E-011   9.8471101934040980E-011  0.25000000002305278        0.0000000000000000        0.0000000000000000     
 -0.27333333333333698        1.7759877430629343       0.25000000000000000        2.4072241577550033E-011   9.6288966310200131E-011  0.25000000002252037        0.0000000000000000        0.0000000000000000     
 -0.27000000000000363        1.7747842066261144       0.25000000000000000        2.3531272962489330E-011   9.4125091849957320E-011  0.25000000002199341        0.0000000000000000        0.0000000000000000     
 -0.26666666666667027        1.7735214742826022       0.25000000000000000        2.2994939034107359E-011   9.1979756136429435E-011  0.25000000002147199        0.0000000000000000        0.0000000000000000     
 -0.26333333333333692        1.7722010251058720       0.25000000000000000        2.2463308661507444E-011   8.9853234646029775E-011  0.25000000002095474        0.0000000000000000        0.0000000000000000     
 -0.26000000000000356        1.7708243082819761       0.25000000000000000        2.1936450176167592E-011   8.7745800704670368E-011  0.25000000002044409        0.0000000000000000        0.0000000000000000     
 -0.25666666666667021        1.7693927433071279       0.25000000000000000        2.1414431361062818E-011   8.5657725444251271E-011  0.25000000001993766        0.0000000000000000        0.0000000000000000     
 -0.25333333333333685        1.7679077202315610       0.25000000000000000        2.0897319439861773E-011   8.3589277759447091E-011  0.25000000001943901        0.0000000000000000        0.0000000000000000     
 -0.25000000000000350        1.7663705999448776       0.25000000000000000        2.0385181066199743E-011   8.1540724264798972E-011  0.25000000001894446        0.0000000000000000        0.0000000000000000     
 -0.24666666666667017        1.7647827144983252       0.25000000000000000        1.9878082313029443E-011   7.9512329252117774E-011  0.25000000001845474        0.0000000000000000        0.0000000000000000     
 -0.24333333333333684        1.7631453674598452       0.25000000000000000        1.9376088662052785E-011   7.7504354648211140E-011  0.25000000001797235        0.0000000000000000        0.0000000000000000     
 -0.24000000000000352        1.7614598342980328       0.25000000000000000        1.8879264993235042E-011   7.5517059972940167E-011  0.25000000001749501        0.0000000000000000        0.0000000000000000     
 -0.23666666666667019        1.7597273627914447       0.25000000000000000        1.8387675574403093E-011   7.3550702297612371E-011  0.25000000001702255        0.0000000000000000        0.0000000000000000     
 -0.23333333333333686        1.7579491734599586       0.25000000000000000        1.7901384050931260E-011   7.1605536203725040E-011  0.25000000001655703        0.0000000000000000        0.0000000000000000     
 -0.23000000000000353        1.7561264600152084       0.25000000000000000        1.7420453435515329E-011   6.9681813742061315E-011  0.25000000001609701        0.0000000000000000        0.0000000000000000     
 -0.22666666666667021        1.7542603898272628       0.25000000000000000        1.6944946098037279E-011   6.7779784392149115E-011  0.25000000001564288        0.0000000000000000        0.0000000000000000     
 -0.22333333333333688        1.7523521044050729       0.25000000000000000        1.6474923755523256E-011   6.5899695022093023E-011  0.25000000001519507        0.0000000000000000        0.0000000000000000     
 -0.22000000000000355        1.7504027198883081       0.25000000000000000        1.6010447462195912E-011   6.4041789848783647E-011  0.25000000001475325        0.0000000000000000        0.0000000000000000     
 -0.21666666666667023        1.7484133275485034       0.25000000000000000        1.5551577599623733E-011   6.2206310398494932E-011  0.25000000001431738        0.0000000000000000        0.0000000000000000     
 -0.21333333333333690        1.7463849942975578       0.25000000000000000        1.5098373866969311E-011   6.0393495467877245E-011  0.25000000001388728        0.0000000000000000        0.0000000000000000     
 -0.21000000000000357        1.7443187632018320       0.25000000000000000        1.4650895271338217E-011   5.8603581085352867E-011  0.25000000001346401        0.0000000000000000        0.0000000000000000     
 -0.20666666666667025        1.7422156540002633       0.25000000000000000        1.4209200118230153E-011   5.6836800472920613E-011  0.25000000001304623        0.0000000000000000        0.0000000000000000     
 -0.20333333333333692        1.7400766636250276       0.25000000000000000        1.3773346002095677E-011   5.5093384008382709E-011  0.25000000001263412        0.0000000000000000        0.0000000000000000     
 -0.20000000000000359        1.7379027667234730       0.25000000000000000        1.3343389796998173E-011   5.3373559187992690E-011  0.25000000001222888        0.0000000000000000        0.0000000000000000     
 -0.19666666666667026        1.7356949161801358       0.25000000000000000        1.2919387647385466E-011   5.1677550589541863E-011  0.25000000001183093        0.0000000000000000        0.0000000000000000     
 -0.19333333333333694        1.7334540436377901       0.25000000000000000        1.2501394958970502E-011   5.0005579835882007E-011  0.25000000001143691        0.0000000000000000        0.0000000000000000     
 -0.19000000000000361        1.7311810600165720       0.25000000000000000        1.2089466389724996E-011   4.8357865558899984E-011  0.25000000001105172        0.0000000000000000        0.0000000000000000     
 -0.18666666666667028        1.7288768560304000       0.25000000000000000        1.1683655840986553E-011   4.6734623363946212E-011  0.25000000001067002        0.0000000000000000        0.0000000000000000     
 -0.18333333333333696        1.7265423026998361       0.25000000000000000        1.1284016448681463E-011   4.5136065794725854E-011  0.25000000001029649        0.0000000000000000        0.0000000000000000     
 -0.18000000000000363        1.7241782518608715       0.25000000000000000        1.0890600574665214E-011   4.3562402298660856E-011  0.25000000000992961        0.0000000000000000        0.0000000000000000     
 -0.17666666666667030        1.7217855366689303       0.25000000000000000        1.0503459798181946E-011   4.2013839192727782E-011  0.25000000000956807        0.0000000000000000        0.0000000000000000     
 -0.17333333333333698        1.7193649720976705       0.25000000000000000        1.0122644907445008E-011   4.0490579629780033E-011  0.25000000000921557        0.0000000000000000        0.0000000000000000     
 -0.17000000000000365        1.7169173554321246       0.25000000000000000        9.7482058913402787E-012   3.8992823565361115E-011  0.25000000000886718        0.0000000000000000        0.0000000000000000     
 -0.16666666666667032        1.7144434667557897       0.25000000000000000        9.3801919312535494E-012   3.7520767725014198E-011  0.25000000000852440        0.0000000000000000        0.0000000000000000     
 -0.16333333333333699        1.7119440694313710       0.25000000000000000        9.0186513930242487E-012   3.6074605572096995E-011  0.25000000000819023        0.0000000000000000        0.0000000000000000     
 -0.16000000000000367        1.7094199105749273       0.25000000000000000        8.6636318190264984E-012   3.4654527276105994E-011  0.25000000000786166        0.0000000000000000        0.0000000000000000     
 -0.15666666666667034        1.7068717215231557       0.25000000000000000        8.3151799203797202E-012   3.3260719681518881E-011  0.25000000000754002        0.0000000000000000        0.0000000000000000     
 -0.15333333333333701        1.7043002182936948       0.25000000000000000        7.9733415692898060E-012   3.1893366277159224E-011  0.25000000000722472        0.0000000000000000        0.0000000000000000     
 -0.15000000000000369        1.7017061020382809       0.25000000000000000        7.6381617915229683E-012   3.0552647166091873E-011  0.25000000000691569        0.0000000000000000        0.0000000000000000     
 -0.14666666666667036        1.6990900594886627       0.25000000000000000        7.3096847590132693E-012   2.9238739036053077E-011  0.25000000000661288        0.0000000000000000        0.0000000000000000     
 -0.14333333333333703        1.6964527633952333       0.25000000000000000        6.9879537826058390E-012   2.7951815130423356E-011  0.25000000000631706        0.0000000000000000        0.0000000000000000     
 -0.14000000000000370        1.6937948729583130       0.25000000000000000        6.6730113049368389E-012   2.6692045219747355E-011  0.25000000000602801        0.0000000000000000        0.0000000000000000     
 -0.13666666666667038        1.6911170342520949       0.25000000000000000        6.3648988934518883E-012   2.5459595573807553E-011  0.25000000000574568        0.0000000000000000        0.0000000000000000     
 -0.13333333333333705        1.6884198806412587       0.25000000000000000        6.0636572335643777E-012   2.4254628934257511E-011  0.25000000000547007        0.0000000000000000        0.0000000000000000     
 -0.13000000000000372        1.6857040331903013       0.25000000000000000        5.7693261219548446E-012   2.3077304487819379E-011  0.25000000000520062        0.0000000000000000        0.0000000000000000     
 -0.12666666666667040        1.6829701010656286       0.25000000000000000        5.4819444600130824E-012   2.1927777840052330E-011  0.25000000000493894        0.0000000000000000        0.0000000000000000     
 -0.12333333333333707        1.6802186819304985       0.25000000000000000        5.2015502474241494E-012   2.0806200989696598E-011  0.25000000000468264        0.0000000000000000        0.0000000000000000     
 -0.12000000000000374        1.6774503623328876       0.25000000000000000        4.9281805758994596E-012   1.9712722303597838E-011  0.25000000000443551        0.0000000000000000        0.0000000000000000     
 -0.11666666666667042        1.6746657180864111       0.25000000000000000        4.6618716230547615E-012   1.8647486492219046E-011  0.25000000000419131        0.0000000000000000        0.0000000000000000     
 -0.11333333333333709        1.6718653146443792       0.25000000000000000        4.4026586464354814E-012   1.7610634585741926E-011  0.25000000000395589        0.0000000000000000        0.0000000000000000     
 -0.11000000000000376        1.6690497074671633       0.25000000000000000        4.1505759776915080E-012   1.6602303910766032E-011  0.25000000000372813        0.0000000000000000        0.0000000000000000     
 -0.10666666666667043        1.6662194423829713       0.25000000000000000        3.9056570169018053E-012   1.5622628067607221E-011  0.25000000000350581        0.0000000000000000        0.0000000000000000     
 -0.10333333333333711        1.6633750559421987       0.25000000000000000        3.6679342270507101E-012   1.4671736908202840E-011  0.25000000000329031        0.0000000000000000        0.0000000000000000     
 -0.10000000000000378        1.6605170757655088       0.25000000000000000        3.4374391286566067E-012   1.3749756514626427E-011  0.25000000000308076        0.0000000000000000        0.0000000000000000     
  -9.6666666666670453E-002   1.6576460208858046       0.25000000000000000        3.2142022945542244E-012   1.2856809178216898E-011  0.25000000000288036        0.0000000000000000        0.0000000000000000     
  -9.3333333333337126E-002   1.6547624020842602       0.25000000000000000        2.9982533448316701E-012   1.1993013379326680E-011  0.25000000000268530        0.0000000000000000        0.0000000000000000     
  -9.0000000000003799E-002   1.6518667222205743       0.25000000000000000        2.7896209419232144E-012   1.1158483767692857E-011  0.25000000000249734        0.0000000000000000        0.0000000000000000     
  -8.6666666666670472E-002   1.6489594765576441       0.25000000000000000        2.5883327858588245E-012   1.0353331143435298E-011  0.25000000000231587        0.0000000000000000        0.0000000000000000     
  -8.3333333333337145E-002   1.6460411530808265       0.25000000000000000        2.3944156096713486E-012   9.5776624386853942E-012  0.25000000000214090        0.0000000000000000        0.0000000000000000     
  -8.0000000000003818E-002   1.6431122328119683       0.25000000000000000        2.2078951749625603E-012   8.8315806998502414E-012  0.25000000000197359        0.0000000000000000        0.0000000000000000     
  -7.6666666666670491E-002   1.6401731901184069       0.25000000000000000        2.0287962676285871E-012   8.1151850705143484E-012  0.25000000000181244        0.0000000000000000        0.0000000000000000     
  -7.3333333333337164E-002   1.6372244930171160       0.25000000000000000        1.8571426937460168E-012   7.4285707749840672E-012  0.25000000000165867        0.0000000000000000        0.0000000000000000     
  -7.0000000000003837E-002   1.6342666034742011       0.25000000000000000        1.6929572756191594E-012   6.7718291024766374E-012  0.25000000000151207        0.0000000000000000        0.0000000000000000     
  -6.6666666666670510E-002   1.6312999776999202       0.25000000000000000        1.5362618479895832E-012   6.1450473919583327E-012  0.25000000000137079        0.0000000000000000        0.0000000000000000     
  -6.3333333333337183E-002   1.6283250664394437       0.25000000000000000        1.3870772544085183E-012   5.5483090176340730E-012  0.25000000000123757        0.0000000000000000        0.0000000000000000     
  -6.0000000000003849E-002   1.6253423152595330       0.25000000000000000        1.2454233437729394E-012   4.9816933750917576E-012  0.25000000000111067        0.0000000000000000        0.0000000000000000     
  -5.6666666666670515E-002   1.6223521648313401       0.25000000000000000        1.1113189670260552E-012   4.4452758681042208E-012  0.25000000000099176        0.0000000000000000        0.0000000000000000     
  -5.3333333333337181E-002   1.6193550512095214       0.25000000000000000        9.8478197402288028E-013   3.9391278960915211E-012  0.25000000000087774        0.0000000000000000        0.0000000000000000     
  -5.0000000000003847E-002   1.6163514061078601       0.25000000000000000        8.6582921056152335E-013   3.4633168422460934E-012  0.25000000000077172        0.0000000000000000        0.0000000000000000     
  -4.6666666666670513E-002   1.6133416571716015       0.25000000000000000        7.5447651558080838E-013   3.0179060623232335E-012  0.25000000000067152        0.0000000000000000        0.0000000000000000     
  -4.3333333333337179E-002   1.6103262282466846       0.25000000000000000        6.5073871852482550E-013   2.6029548740993020E-012  0.25000000000058031        0.0000000000000000        0.0000000000000000     
  -4.0000000000003845E-002   1.6073055396460769       0.25000000000000000        5.5462963687495390E-013   2.2185185474998156E-012  0.25000000000049322        0.0000000000000000        0.0000000000000000     
  -3.6666666666670511E-002   1.6042800084133992       0.25000000000000000        4.6616207384984210E-013   1.8646482953993684E-012  0.25000000000041483        0.0000000000000000        0.0000000000000000     
  -3.3333333333337177E-002   1.6012500485840462       0.25000000000000000        3.8534781627386091E-013   1.5413912650954436E-012  0.25000000000034289        0.0000000000000000        0.0000000000000000     
  -3.0000000000003843E-002   1.5982160714439844       0.25000000000000000        3.1219763261443535E-013   1.2487905304577414E-012  0.25000000000027772        0.0000000000000000        0.0000000000000000     
  -2.6666666666670509E-002   1.5951784857864353       0.25000000000000000        2.4672127118869016E-013   9.8688508475476066E-013  0.25000000000021910        0.0000000000000000        0.0000000000000000     
  -2.3333333333337175E-002   1.5921376981666293       0.25000000000000000        1.8892745853975895E-013   7.5570983415903581E-013  0.25000000000016787        0.0000000000000000        0.0000000000000000     
  -2.0000000000003841E-002   1.5890941131548275       0.25000000000000000        1.3882389798310767E-013   5.5529559193243070E-013  0.25000000000012373        0.0000000000000000        0.0000000000000000     
  -1.6666666666670507E-002   1.5860481335878056       0.25000000000000000        9.6417268323169372E-014   3.8566907329267749E-013  0.25000000000008488        0.0000000000000000        0.0000000000000000     
  -1.3333333333337173E-002   1.5830001608189892       0.25000000000000000        6.1713222740553711E-014   2.4685289096221484E-013  0.25000000000005396        0.0000000000000000        0.0000000000000000     
  -1.0000000000003839E-002   1.5799505949674413       0.25000000000000000        3.4716387850063987E-014   1.3886555140025595E-013  0.25000000000003020        0.0000000000000000        0.0000000000000000     
  -6.6666666666705052E-003   1.5768998351658843       0.25000000000000000        1.5430362929718600E-014   6.1721451718874401E-014  0.25000000000001343        0.0000000000000000        0.0000000000000000     
  -3.3333333333371716E-003   1.5738482798079583       0.25000000000000000        3.8577193209349737E-015   1.5430877283739895E-014  0.25000000000000278        0.0000000000000000        0.0000000000000000     
  -3.8380756905986857E-015   1.5707963267949001       0.25000000000000000        5.1145217694638678E-039   2.0458087077855471E-038  0.25000000000000000        0.0000000000000000        0.0000000000000000     
