   1.0000000000000000E-002  0.99802672851372232      -0.39452441846748365     
   2.0000000000000000E-002  0.99211470250975298      -0.78749182936376294     
   2.9999999999999999E-002  0.98228725405108597       -1.1773513702519036     
   4.0000000000000001E-002  0.96858316758032426       -1.5625644440361817     
   5.0000000000000003E-002  0.95105652685523023       -1.9416107911003144     
   6.0000000000000005E-002  0.92977650150488478       -2.3129944890760514     
   7.0000000000000007E-002  0.90482707404881979       -2.6752498565637866     
   8.0000000000000002E-002  0.87630670845645497       -3.0269472375059063     
   8.9999999999999997E-002  0.84432796155488310       -3.3666986433846064     
   9.9999999999999992E-002  0.80901703881859910       -3.6931632309770022     
  0.10999999999999999       0.77051329629426779       -4.0050525940493396     
  0.11999999999999998       0.72896869062620495       -4.3011358481064192     
  0.12999999999999998       0.68454717935306975       -4.5802444881290505     
  0.13999999999999999       0.63742407384252209       -4.8412770001282714     
  0.14999999999999999       0.58778534741751720       -5.0832032083166423     
  0.16000000000000000       0.53582690140474432       -5.3050683407403199     
  0.17000000000000001       0.48175379200178120       -5.5059967973267234     
  0.18000000000000002       0.42577942101416622       -5.6851956054770305     
  0.19000000000000003       0.36812469365617739       -5.8419575495658673     
  0.20000000000000004       0.30901714673909375       -5.9756639619974887     
  0.21000000000000005       0.24869005068758024       -6.0857871648034241     
  0.22000000000000006       0.18738148892812714       -6.1718925521457297     
  0.23000000000000007       0.12533341828277553       -6.2336403055071514     
  0.24000000000000007        6.2790714076324944E-002  -6.2707867347991373     
  0.25000000000000006        2.0372554779268803E-007  -6.2831852400949506     
  0.26000000000000006       -6.2790307375608520E-002  -6.2707868901923742     
  0.27000000000000007      -0.12533301383044687       -6.2336406157226776     
  0.28000000000000008      -0.18738108821395563       -6.1718930160437360     
  0.29000000000000009      -0.24868965518763658       -6.0857877806794054     
  0.30000000000000010      -0.30901675791034044       -5.9756647275884722     
  0.31000000000000011      -0.36812431293112885       -5.8419584620586829     
  0.32000000000000012      -0.42577904979563774       -5.6851966615185887     
  0.33000000000000013      -0.48175343165774642       -5.5059979930362717     
  0.34000000000000014      -0.53582655326331952       -5.3050696717236239     
  0.35000000000000014      -0.58778501276209072       -5.0832046696820479     
  0.36000000000000015      -0.63742375390704675       -4.8412785865045844     
  0.37000000000000016      -0.68454687531753555       -4.5802461936851699     
  0.38000000000000017      -0.72896840361230852       -4.3011376665726555     
  0.39000000000000018      -0.77051302736129379       -4.0050545187403372     
  0.40000000000000019      -0.80901678895952978       -3.6931652548161846     
  0.41000000000000020      -0.84432773169274933       -3.3667007589300550     
  0.42000000000000021      -0.87630649944094208       -3.0269494369775778     
  0.43000000000000022      -0.90482688665314126       -2.6752521318719720     
  0.44000000000000022      -0.92977633642293445       -2.3129968318509713     
  0.45000000000000023      -0.95105638469902420       -1.9416131927227436     
  0.46000000000000024      -0.96858304887774138       -1.5625668956689933     
  0.47000000000000025      -0.98228715924391530       -1.1773538628724152     
  0.48000000000000026      -0.99211463195205563      -0.78749435379676802     
  0.49000000000000027      -0.99802668247051340      -0.39452696541884991     
  0.50000000000000022      -0.99999997864625578       -2.5600907100353787E-006
  0.51000000000000023      -0.99802673278617726       0.39452185500395409     
  0.52000000000000024      -0.99211473239154557       0.78748927264423074     
  0.53000000000000025      -0.98228730942428644        1.1773488303665700     
  0.54000000000000026      -0.96858324822639996        1.5625619310088110     
  0.55000000000000027      -0.95105663245590799        1.9416083148486751     
  0.56000000000000028      -0.92977663164340707        2.3129920593727751     
  0.57000000000000028      -0.90482722821158934        2.6752474829977992     
  0.58000000000000029      -0.87630688603506190        3.0269449294445860     
  0.59000000000000030      -0.84432816184850601        3.3666964099368144     
  0.60000000000000031      -0.80901726103677074        3.6931610809571338     
  0.61000000000000032      -0.77051353955999480        4.0050505359425390     
  0.62000000000000033      -0.72896895397942885        4.3011338900350919     
  0.63000000000000034      -0.68454746175445580        4.5802426378208070     
  0.64000000000000035      -0.63742437417756148        4.8412752648854305     
  0.65000000000000036      -0.58778566450092506        5.0832015949874130     
  0.66000000000000036      -0.53582723398513754        5.3050668556917744     
  0.67000000000000037      -0.48175413876661721        5.5059954464196679     
  0.68000000000000038      -0.42577978059492305        5.6851943940428766     
  0.69000000000000039      -0.36812506463375444        5.8419564823855907     
  0.70000000000000040      -0.30901752764941232        5.9756630432827613     
  0.71000000000000041      -0.24869044002736171        6.0857863981799927     
  0.72000000000000042      -0.18738188516082566        6.1718919406391048     
  0.73000000000000043      -0.12533381984464204        6.2336398515306701     
  0.74000000000000044       -6.2791119382578628E-002   6.2707864401444366     
  0.75000000000000044       -6.1117663044396586E-007   6.2831851059248969     
  0.76000000000000045        6.2789899387719741E-002   6.2707869170364754     
  0.77000000000000046       0.12533260691589335        6.2336408034749926     
  0.78000000000000047       0.18738068397864277        6.1718933639632922     
  0.79000000000000048       0.24868925522689608        6.0857882873931235     
  0.80000000000000049       0.30901636380263420        5.9756653910965856     
  0.81000000000000050       0.36812392623181950        5.8419592797426283     
  0.82000000000000051       0.42577867203085040        5.6851976301513414     
  0.83000000000000052       0.48175306431834575        5.5059991087950815     
  0.84000000000000052       0.53582619779902596        5.3050709302051020     
  0.85000000000000053       0.58778467057575901        5.0832060659195442     
  0.86000000000000054       0.63742342634912963        4.8412801149877884     
  0.87000000000000055       0.68454656368075417        4.5802478483818589     
  0.88000000000000056       0.72896810912655052        4.3011394409524986     
  0.89000000000000057       0.77051275118875961        4.0050564058006692     
  0.90000000000000058       0.80901653219014602        3.6931672471096428     
  0.91000000000000059       0.84432749533986706        3.3667028485939694     
  0.92000000000000060       0.87630628443733793        3.0269516157650012     
  0.93000000000000060       0.90482669384733594        2.6752543911842279     
  0.94000000000000061       0.92977616657584417        2.3129991627715887     
  0.95000000000000062       0.95105623848095766        1.9416155860526463     
  0.96000000000000063       0.96858292686575431        1.5625693419628042     
  0.97000000000000064       0.98228706191953319        1.1773563524757324     
  0.98000000000000065       0.99211455969937323       0.78749687688426717     
  0.99000000000000066       0.99802663557467897       0.39452951203305991     
   1.0000000000000007       0.99999995729234559        5.1201813106027672E-006
   1.0100000000000007       0.99802673705846545      -0.39451929154046833     
   1.0200000000000007       0.99211476227317130      -0.78748671592467634     
   1.0300000000000007       0.98228736479732059       -1.1773462904811485     
   1.0400000000000007       0.96858332887231047       -1.5625594179812872     
   1.0500000000000007       0.95105673805642243       -1.9416058385968178     
   1.0600000000000007       0.92977676178176849       -2.3129896296692163     
   1.0700000000000007       0.90482738237420124       -2.6752451094314664     
   1.0800000000000007       0.87630706361351507       -3.0269426213828590     
   1.0900000000000007       0.84432836214197948       -3.3666941764885561     
   1.1000000000000008       0.80901748325479794       -3.6931589309367414     
   1.1100000000000008       0.77051378282558280       -4.0050484778351585     
   1.1200000000000008       0.72896921733251985       -4.3011319319631305     
   1.1300000000000008       0.68454774415571573       -4.5802407875118787     
   1.1400000000000008       0.63742467451248175       -4.8412735296418568     
   1.1500000000000008       0.58778598158422124       -5.0831999816574056     
   1.1600000000000008       0.53582756656542707       -5.3050653706424082     
   1.1700000000000008       0.48175448553135802       -5.5059940955117526     
   1.1800000000000008       0.42578014017559340       -5.6851931826078266     
   1.1900000000000008       0.36812543561125410       -5.8419554152043860     
   1.2000000000000008       0.30901790855966293       -5.9756621245670773     
   1.2100000000000009       0.24869082936708492       -6.0857856315555789     
   1.2200000000000009       0.18738228139347585       -6.1718913291314772     
   1.2300000000000009       0.12533422140647035       -6.2336393975531692     
   1.2400000000000009        6.2791524688804404E-002  -6.2707861454887031     
   1.2500000000000009        1.0186276955814755E-006  -6.2831849717538022     
   1.2600000000000009       -6.2789491399838041E-002  -6.2707869438795312     
   1.2700000000000009      -0.12533220000133644       -6.2336409912262614     
   1.2800000000000009      -0.18738027974331609       -6.1718937118818058     
   1.2900000000000009      -0.24868885526613138       -6.0857887941058069     
   1.3000000000000009      -0.30901596969489348       -5.9756660546036748     
   1.3100000000000009      -0.36812353953246557       -5.8419600974255648     
   1.3200000000000010      -0.42577829426600849       -5.6851985987831055     
   1.3300000000000010      -0.48175269697888073       -5.5060002245529267     
   1.3400000000000010      -0.53582584233465846       -5.3050721886856431     
   1.3500000000000010      -0.58778432838934414       -5.0832074621561345     
   1.3600000000000010      -0.63742309879112047       -4.8412816434701220     
   1.3700000000000010      -0.68454625204387221       -4.5802495030777148     
   1.3800000000000010      -0.72896781464068383       -4.3011412153315502     
   1.3900000000000010      -0.77051247501610909       -4.0050582928602543     
   1.4000000000000010      -0.80901627542063859       -3.6931692394024012     
   1.4100000000000010      -0.84432725898685435       -3.3667049382572336     
   1.4200000000000010      -0.87630606943359712       -3.0269537945518272     
   1.4300000000000010      -0.90482650104138829       -2.6752566504959421     
   1.4400000000000011      -0.92977599672860656       -2.3130014936917220     
   1.4500000000000011      -0.95105609226273924       -1.9416179793821240     
   1.4600000000000011      -0.96858280485361137       -1.5625717882562506     
   1.4700000000000011      -0.98228696459499187       -1.1773588420787475     
   1.4800000000000011      -0.99211448744652886      -0.78749939997152785     
   1.4900000000000011      -0.99802658867868044      -0.39453205864709590     
   1.5000000000000011      -0.99999993593826986       -7.6802718022572769E-006
   1.5100000000000011      -0.99802674133058722       0.39451672807702592     
   1.5200000000000011      -0.99211479215463050       0.78748415920509962     
   1.5300000000000011      -0.98228742017018877        1.1773437505956390     
   1.5400000000000011      -0.96858340951805633        1.5625569049536099     
   1.5500000000000012      -0.95105684365677401        1.9416033623447424     
   1.5600000000000012      -0.92977689191996959        2.3129871999653759     
   1.5700000000000012      -0.90482753653665593        2.6752427358647894     
   1.5800000000000012      -0.87630724119181469        3.0269403133207260     
   1.5900000000000012      -0.84432856243530374        3.3666919430398314     
   1.6000000000000012      -0.80901770547268081        3.6931567809158250     
   1.6100000000000012      -0.77051402609103214        4.0050464197271980     
   1.6200000000000012      -0.72896948068547818        4.3011299738905358     
   1.6300000000000012      -0.68454802655684954        4.5802389372022656     
   1.6400000000000012      -0.63742497484728311        4.8412717943975503     
   1.6500000000000012      -0.58778629866740606        5.0831983683266202     
   1.6600000000000013      -0.53582789914561324        5.3050638855922214     
   1.6700000000000013      -0.48175483229600380        5.5059927446029775     
   1.6800000000000013      -0.42578049975617749        5.6851919711718821     
   1.6900000000000013      -0.36812580658867655        5.8419543480222549     
   1.7000000000000013      -0.30901828946984577        5.9756612058504377     
   1.7100000000000013      -0.24869121870675004        6.0857848649301847     
   1.7200000000000013      -0.18738267762607785        6.1718907176228486     
   1.7300000000000013      -0.12533462296826059        6.2336389435746504     
   1.7400000000000013       -6.2791929995002341E-002   6.2707858508319392     
   1.7500000000000013       -1.4260787432329725E-006   6.2831848375816683     
   1.7600000000000013        6.2789083411963403E-002   6.2707869707215433     
   1.7700000000000014       0.12533179308677617        6.2336411789764856     
   1.7800000000000014       0.18737987550797561        6.1718940597992775     
   1.7900000000000014       0.24868845530534248        6.0857893008174555     
   1.8000000000000014       0.30901557558711829        5.9756667181097418     
   1.8100000000000014       0.36812315283306696        5.8419609151074949     
   1.8200000000000014       0.42577791650111196        5.6851995674138829     
   1.8300000000000014       0.48175232963935138        5.5060013403098091     
   1.8400000000000014       0.53582548687021714        5.3050734471652490     
   1.8500000000000014       0.58778398620284633        5.0832088583918207     
   1.8600000000000014       0.63742277123301960        4.8412831719515843     
   1.8700000000000014       0.68454594040689010        4.5802511577727376     
   1.8800000000000014       0.72896752015470889        4.3011429897098097     
   1.8900000000000015       0.77051219884334254        4.0050601799190924     
   1.9000000000000015       0.80901601865100792        3.6931712316944600     
   1.9100000000000015       0.84432702263371173        3.3667070279198485     
   1.9200000000000015       0.87630585442972009        3.0269559733380569     
   1.9300000000000015       0.90482630823529875        2.6752589098071144     
   1.9400000000000015       0.92977582688122173        2.3130038246113704     
   1.9500000000000015       0.95105594604436905        1.9416203727111758     
   1.9600000000000015       0.96858268284131277        1.5625742345493319     
   1.9700000000000015       0.98228686727029146        1.1773613316814595     
   1.9800000000000015       0.99211441519352273       0.78750192305854849     
   1.9900000000000015       0.99802654178251804       0.39453460526095602     
   2.0000000000000013       0.99999991458402893        1.0240362183111529E-005
   2.0100000000000011       0.99802674560254312      -0.39451416461362898     
   2.0200000000000009       0.99211482203592372      -0.78748160248550292     
   2.0300000000000007       0.98228747554289153       -1.1773412107100438     
   2.0400000000000005       0.96858349016363787       -1.5625543919257820     
   2.0500000000000003       0.95105694925696316       -1.9416008860924518     
   2.0600000000000001       0.92977702205801072       -2.3129847702612567     
   2.0699999999999998       0.90482769069895375       -2.6752403622977710     
   2.0799999999999996       0.87630741876996110       -3.0269380052581907     
   2.0899999999999994       0.84432876272847923       -3.3666897095906450     
   2.0999999999999992       0.80901792769041980       -3.6931546308943886     
   2.1099999999999990       0.77051426935634293       -4.0050443616186620     
   2.1199999999999988       0.72896974403830406       -4.3011280158173122     
   2.1299999999999986       0.68454830895785745       -4.5802370868919722     
   2.1399999999999983       0.63742527518196546       -4.8412700591525146     
   2.1499999999999981       0.58778661575047952       -5.0831967549950603     
   2.1599999999999979       0.53582823172569605       -5.3050624005412175     
   2.1699999999999977       0.48175517906055459       -5.5059913936933462     
   2.1799999999999975       0.42578085933667542       -5.6851907597350451     
   2.1899999999999973       0.36812617756602201       -5.8419532808391983     
   2.1999999999999971       0.30901867037996095       -5.9756602871328450     
   2.2099999999999969       0.24869160804635715       -6.0857840983038134     
   2.2199999999999966       0.18738307385863173       -6.1718901061132208     
   2.2299999999999964       0.12533502453001277       -6.2336384895951147     
   2.2399999999999962        6.2792335301172439E-002  -6.2707855561741450     
   2.2499999999999960        1.8335297733984568E-006  -6.2831847034084953     
   2.2599999999999958       -6.2788675424095830E-002  -6.2707869975625110     
   2.2699999999999956      -0.12533138617221246       -6.2336413667256654     
   2.2799999999999954      -0.18737947127262125       -6.1718944077157092     
   2.2899999999999952      -0.24868805534452934       -6.0857898075280721     
   2.2999999999999949      -0.30901518147930856       -5.9756673816147883     
   2.3099999999999947      -0.36812276613362371       -5.8419617327884206     
   2.3199999999999945      -0.42577753873616087       -5.6852005360436744     
   2.3299999999999943      -0.48175196229975764       -5.5060024560657288     
   2.3399999999999941      -0.53582513140570198       -5.3050747056439187     
   2.3499999999999939      -0.58778364401626537       -5.0832102546266009     
   2.3599999999999937      -0.63742244367482659       -4.8412847004321762     
   2.3699999999999934      -0.68454562876980718       -4.5802528124669282     
   2.3799999999999932      -0.72896722566862493       -4.3011447640872777     
   2.3899999999999930      -0.77051192267045931       -4.0050620669771826     
   2.3999999999999928      -0.80901576188125335       -3.6931732239858186     
   2.4099999999999926      -0.84432678628043845       -3.3667091175818138     
   2.4199999999999924      -0.87630563942570627       -3.0269581521236892     
   2.4299999999999922      -0.90482611542906666       -2.6752611691177446     
   2.4399999999999920      -0.92977565703368936       -2.3130061555305339     
   2.4499999999999917      -0.95105579982584676       -1.9416227660398020     
   2.4599999999999915      -0.96858256082885819       -1.5625766808420485     
   2.4699999999999913      -0.98228676994543174       -1.1773638212838691     
   2.4799999999999911      -0.99211434294035450      -0.78750444614533044     
   2.4899999999999909      -0.99802649488619144      -0.39453715187464194     
   2.4999999999999907      -0.99999989322962224       -1.2800452454775346E-005
   2.5099999999999905      -0.99802674987433249       0.39451160115027550     
   2.5199999999999902      -0.99211485191705040       0.78747904576588379     
   2.5299999999999900      -0.98228753091542831        1.1773386708243609     
   2.5399999999999898      -0.96858357080905466        1.5625518788978010     
   2.5499999999999896      -0.95105705485698944        1.9415984098399435     
   2.5599999999999894      -0.92977715219589141        2.3129823405568559     
   2.5699999999999892      -0.90482784486109424        2.6752379887304083     
   2.5799999999999890      -0.87630759634795408        3.0269356971952495     
   2.5899999999999888      -0.84432896302150562        3.3666874761409931     
   2.5999999999999885      -0.80901814990801468        3.6931524808724290     
   2.6099999999999883      -0.77051451262151527        4.0050423035095468     
   2.6199999999999881      -0.72897000739099749        4.3011260577434554     
   2.6299999999999879      -0.68454859135873947        4.5802352365809949     
   2.6399999999999877      -0.63742557551652912        4.8412683239067471     
   2.6499999999999875      -0.58778693283344174        5.0831951416627223     
   2.6599999999999873      -0.53582856430567549        5.3050609154893937     
   2.6699999999999871      -0.48175552582501047        5.5059900427828561     
   2.6799999999999868      -0.42578121891708715        5.6851895482973127     
   2.6899999999999866      -0.36812654854329030        5.8419522136552144     
   2.6999999999999864      -0.30901905129000845        5.9756593684142958     
   2.7099999999999862      -0.24869199738590628        6.0857833316764598     
   2.7199999999999860      -0.18738347009113757        6.1718894946025902     
   2.7299999999999858      -0.12533542609172704        6.2336380356145593     
   2.7399999999999856       -6.2792740607314920E-002   6.2707852615153179     
   2.7499999999999853       -2.2409807863277287E-006   6.2831845692342805     
   2.7599999999999851        6.2788267436235057E-002   6.2707870244024324     
   2.7699999999999849       0.12533097925764514        6.2336415544737980     
   2.7799999999999847       0.18737906703725285        6.1718947556310964     
   2.7899999999999845       0.24868765538369175        6.0857903142376513     
   2.7999999999999843       0.30901478737146404        5.9756680451188089     
   2.8099999999999841       0.36812237943413550        5.8419625504683355     
   2.8199999999999839       0.42577716097115476        5.6852015046724755     
   2.8299999999999836       0.48175159496009917        5.5060035718206812     
   2.8399999999999834       0.53582477594111255        5.3050759641216487     
   2.8499999999999832       0.58778330182960092        5.0832116508604734     
   2.8599999999999830       0.63742211611654120        4.8412862289118959     
   2.8699999999999828       0.68454531713262345        4.5802544671602838     
   2.8799999999999826       0.72896693118243217        4.3011465384639536     
   2.8899999999999824       0.77051164649745962        4.0050639540345259     
   2.8999999999999821       0.80901550511137499        3.6931752162764777     
   2.9099999999999819       0.84432654992703460        3.3667112072431293     
   2.9199999999999817       0.87630542442155557        3.0269603309087252     
   2.9299999999999815       0.90482592262269212        2.6752634284278338     
   2.9399999999999813       0.92977548718600933        2.3130084864492138     
   2.9499999999999811       0.95105565360717237        1.9416251593680036     
   2.9599999999999809       0.96858243881624739        1.5625791271344012     
   2.9699999999999807       0.98228667262041258        1.1773663108859771     
   2.9799999999999804       0.99211427068702418       0.78750696923187413     
   2.9899999999999802       0.99802644798970075       0.39453969848815401     
   2.9999999999999800       0.99999987187505024        1.5360542617748330E-005
