  -1.0000000000000000        1.5707963267948966        0.0000000000000000     
 -0.99666666666666670        1.5611972665892639        0.0000000000000000     
 -0.99333333333333340        1.5514839267249674        0.0000000000000000     
 -0.99000000000000010        1.5416671932520813        0.0000000000000000     
 -0.98666666666666680        1.5317587178082637        0.0000000000000000     
 -0.98333333333333350        1.5217708913100567        0.0000000000000000     
 -0.98000000000000020        1.5117168092580209        0.0000000000000000     
 -0.97666666666666690        1.5016102284833854        0.0000000000000000     
 -0.97333333333333361        1.4914655153083527        0.0000000000000000     
 -0.97000000000000031        1.4812975852513355        0.0000000000000000     
 -0.96666666666666701        1.4711218345794892        0.0000000000000000     
 -0.96333333333333371        1.4609540641887684        0.0000000000000000     
 -0.96000000000000041        1.4508103964717847        0.0000000000000000     
 -0.95666666666666711        1.4407071860100455        0.0000000000000000     
 -0.95333333333333381        1.4306609250936069        0.0000000000000000     
 -0.95000000000000051        1.4206881452215232        0.0000000000000000     
 -0.94666666666666721        1.4108053158646010        0.0000000000000000     
 -0.94333333333333391        1.4010287418724721        0.0000000000000000     
 -0.94000000000000061        1.3913744609748380        0.0000000000000000     
 -0.93666666666666731        1.3818581428585144        0.0000000000000000     
 -0.93333333333333401        1.3724949912954161        0.0000000000000000     
 -0.93000000000000071        1.3632996507508359        0.0000000000000000     
 -0.92666666666666742        1.3542861188174713        0.0000000000000000     
 -0.92333333333333412        1.3454676657011675        0.0000000000000000     
 -0.92000000000000082        1.3368567618329374        0.0000000000000000     
 -0.91666666666666752        1.3284650145045005        0.0000000000000000     
 -0.91333333333333422        1.3203031142268657        0.0000000000000000     
 -0.91000000000000092        1.3123807913012810        0.0000000000000000     
 -0.90666666666666762        1.3047067828758652        0.0000000000000000     
 -0.90333333333333432        1.2972888105471916        0.0000000000000000     
 -0.90000000000000102        1.2901335683605981        0.0000000000000000     
 -0.89666666666666772        1.2832467208725002        0.0000000000000000     
 -0.89333333333333442        1.2766329107673089        0.0000000000000000     
 -0.89000000000000112        1.2702957753750270        0.0000000000000000     
 -0.88666666666666782        1.2642379713158283        0.0000000000000000     
 -0.88333333333333452        1.2584612064062382        0.0000000000000000     
 -0.88000000000000123        1.2529662778985731        0.0000000000000000     
 -0.87666666666666793        1.2477531160898241        0.0000000000000000     
 -0.87333333333333463        1.2428208323266259        0.0000000000000000     
 -0.87000000000000133        1.2381677704467544        0.0000000000000000     
 -0.86666666666666803        1.2337915607317262        0.0000000000000000     
 -0.86333333333333473        1.2296891754960442        0.0000000000000000     
 -0.86000000000000143        1.2258569855029975        0.0000000000000000     
 -0.85666666666666813        1.2222908164711845        0.0000000000000000     
 -0.85333333333333483        1.2189860050166039        0.0000000000000000     
 -0.85000000000000153        1.2159374534594460        0.0000000000000000     
 -0.84666666666666823        1.2131396830095282        0.0000000000000000     
 -0.84333333333333493        1.2105868849278891        0.0000000000000000     
 -0.84000000000000163        1.2082729693418304        0.0000000000000000     
 -0.83666666666666833        1.2061916114658502        0.0000000000000000     
 -0.83333333333333504        1.2043362950499621        0.0000000000000000     
 -0.83000000000000174        1.2027003529392153        0.0000000000000000     
 -0.82666666666666844        1.2012770046835963        0.0000000000000000     
 -0.82333333333333514        1.2000593911855724        0.0000000000000000     
 -0.82000000000000184        1.1990406064135704        0.0000000000000000     
 -0.81666666666666854        1.1982137262439128        0.0000000000000000     
 -0.81333333333333524        1.1975718345215751        0.0000000000000000     
 -0.81000000000000194        1.1971080464520722        0.0000000000000000     
 -0.80666666666666864        1.1968155294534759        0.0000000000000000     
 -0.80333333333333534        1.1966875216094031        0.0000000000000000     
 -0.80000000000000204        1.1967173478717237        0.0000000000000000     
 -0.79666666666666874        1.1968984341658595        0.0000000000000000     
 -0.79333333333333544        1.1972243195528838        0.0000000000000000     
 -0.79000000000000214        1.1976886666013742        0.0000000000000000     
 -0.78666666666666885        1.1982852701187237        0.0000000000000000     
 -0.78333333333333555        1.1990080643867917        0.0000000000000000     
 -0.78000000000000225        1.1998511290407587        0.0000000000000000     
 -0.77666666666666895        1.2008086937231048        0.0000000000000000     
 -0.77333333333333565        1.2018751416370903        0.0000000000000000     
 -0.77000000000000235        1.2030450121162493        0.0000000000000000     
 -0.76666666666666905        1.2043130023182997        0.0000000000000000     
 -0.76333333333333575        1.2056739681437763        0.0000000000000000     
 -0.76000000000000245        1.2071229244717836        0.0000000000000000     
 -0.75666666666666915        1.2086550447974129        0.0000000000000000     
 -0.75333333333333585        1.2102656603480033        0.0000000000000000     
 -0.75000000000000255        1.2119502587482422        0.0000000000000000     
 -0.74666666666666925        1.2137044822974499        0.0000000000000000     
 -0.74333333333333595        1.2155241259160157        0.0000000000000000     
 -0.74000000000000266        1.2174051348121542        0.0000000000000000     
 -0.73666666666666936        1.2193436019146229        0.0000000000000000     
 -0.73333333333333606        1.2213357651120840        0.0000000000000000     
 -0.73000000000000276        1.2233780043351496        0.0000000000000000     
 -0.72666666666666946        1.2254668385129410        0.0000000000000000     
 -0.72333333333333616        1.2275989224321799        0.0000000000000000     
 -0.72000000000000286        1.2297710435233389        0.0000000000000000     
 -0.71666666666666956        1.2319801185952659        0.0000000000000000     
 -0.71333333333333626        1.2342231905368586        0.0000000000000000     
 -0.71000000000000296        1.2364974250018756        0.0000000000000000     
 -0.70666666666666966        1.2388001070906765        0.0000000000000000     
 -0.70333333333333636        1.2411286380407134        0.0000000000000000     
 -0.70000000000000306        1.2434805319357953        0.0000000000000000     
 -0.69666666666666976        1.2458534124426006        0.0000000000000000     
 -0.69333333333333647        1.2482450095814874        0.0000000000000000     
 -0.69000000000000317        1.2506531565374921        0.0000000000000000     
 -0.68666666666666987        1.2530757865163147        0.0000000000000000     
 -0.68333333333333657        1.2555109296491489        0.0000000000000000     
 -0.68000000000000327        1.2579567099494811        0.0000000000000000     
 -0.67666666666666997        1.2604113423242069        0.0000000000000000     
 -0.67333333333333667        1.2628731296409028        0.0000000000000000     
 -0.67000000000000337        1.2653404598525380        0.0000000000000000     
 -0.66666666666667007        1.2678118031804870        0.0000000000000000     
 -0.66333333333333677        1.2702857093563764        0.0000000000000000     
 -0.66000000000000347        1.2727608049229575        0.0000000000000000     
 -0.65666666666667017        1.2752357905939833        0.0000000000000000     
 -0.65333333333333687        1.2777094386728425        0.0000000000000000     
 -0.65000000000000357        1.2801805905295403        0.0000000000000000     
 -0.64666666666667028        1.2826481541355192        0.0000000000000000     
 -0.64333333333333698        1.2851111016556571        0.0000000000000000     
 -0.64000000000000368        1.2875684670967480        0.0000000000000000     
 -0.63666666666667038        1.2900193440117160        0.0000000000000000     
 -0.63333333333333708        1.2924628832587328        0.0000000000000000     
 -0.63000000000000378        1.2948982908144355        0.0000000000000000     
 -0.62666666666667048        1.2973248256404195        0.0000000000000000     
 -0.62333333333333718        1.2997417976021537        0.0000000000000000     
 -0.62000000000000388        1.3021485654395002        0.0000000000000000     
 -0.61666666666667058        1.3045445347880398        0.0000000000000000     
 -0.61333333333333728        1.3069291562503829        0.0000000000000000     
 -0.61000000000000398        1.3093019235167176        0.0000000000000000     
 -0.60666666666667068        1.3116623715338303        0.0000000000000000     
 -0.60333333333333738        1.3140100747218673        0.0000000000000000     
 -0.60000000000000409        1.3163446452381631        0.0000000000000000     
 -0.59666666666667079        1.3186657312874213        0.0000000000000000     
 -0.59333333333333749        1.3209730154776260        0.0000000000000000     
 -0.59000000000000419        1.3232662132210413        0.0000000000000000     
 -0.58666666666667089        1.3255450711796639        0.0000000000000000     
 -0.58333333333333759        1.3278093657546028        0.0000000000000000     
 -0.58000000000000429        1.3300589016187259        0.0000000000000000     
 -0.57666666666667099        1.3322935102920825        0.0000000000000000     
 -0.57333333333333769        1.3345130487595203        0.0000000000000000     
 -0.57000000000000439        1.3367173981299603        0.0000000000000000     
 -0.56666666666667109        1.3389064623368143        0.0000000000000000     
 -0.56333333333333779        1.3410801668790089        0.0000000000000000     
 -0.56000000000000449        1.3432384576020935        0.0000000000000000     
 -0.55666666666667119        1.3453812995189174        0.0000000000000000     
 -0.55333333333333790        1.3475086756693657        0.0000000000000000     
 -0.55000000000000460        1.3496205860186128        0.0000000000000000     
 -0.54666666666667130        1.3517170463933703        0.0000000000000000     
 -0.54333333333333800        1.3537980874556279        0.0000000000000000     
 -0.54000000000000470        1.3558637537132969        0.0000000000000000     
 -0.53666666666667140        1.3579141025672656        0.0000000000000000     
 -0.53333333333333810        1.3599492033942733        0.0000000000000000     
 -0.53000000000000480        1.3619691366650573        0.0000000000000000     
 -0.52666666666667150        1.3639739930972024        0.0000000000000000     
 -0.52333333333333820        1.3659638728420842        0.0000000000000000     
 -0.52000000000000490        1.3679388847053569        0.0000000000000000     
 -0.51666666666667160        1.3698991454003246        0.0000000000000000     
 -0.51333333333333830        1.3718447788336356        0.0000000000000000     
 -0.51000000000000500        1.3737759154226117        0.0000000000000000     
 -0.50666666666667171        1.3756926914436387        0.0000000000000000     
 -0.50333333333333841        1.3775952484109157        0.0000000000000000     
 -0.50000000000000511        1.3794837324849289        0.0000000000000000     
 -0.49666666666667175        1.3813582939099891        0.0000000000000000     
 -0.49333333333333840        1.3832190864801350        0.0000000000000000     
 -0.49000000000000504        1.3850662670327389        0.0000000000000000     
 -0.48666666666667169        1.3868999949690992        0.0000000000000000     
 -0.48333333333333833        1.3887204318013544        0.0000000000000000     
 -0.48000000000000498        1.3905277407249792        0.0000000000000000     
 -0.47666666666667162        1.3923220862161854        0.0000000000000000     
 -0.47333333333333827        1.3941036336534873        0.0000000000000000     
 -0.47000000000000491        1.3958725489627501        0.0000000000000000     
 -0.46666666666667156        1.3976289982849721        0.0000000000000000     
 -0.46333333333333820        1.3993731476661109        0.0000000000000000     
 -0.46000000000000485        1.4011051627682172        0.0000000000000000     
 -0.45666666666667149        1.4028252086011828        0.0000000000000000     
 -0.45333333333333814        1.4045334492743669        0.0000000000000000     
 -0.45000000000000479        1.4062300477674101        0.0000000000000000     
 -0.44666666666667143        1.4079151657195321        0.0000000000000000     
 -0.44333333333333808        1.4095889632365919        0.0000000000000000     
 -0.44000000000000472        1.4112515987152496        0.0000000000000000     
 -0.43666666666667137        1.4129032286835206        0.0000000000000000     
 -0.43333333333333801        1.4145440076570515        0.0000000000000000     
 -0.43000000000000466        1.4161740880104534        0.0000000000000000     
 -0.42666666666667130        1.4177936198630214        0.0000000000000000     
 -0.42333333333333795        1.4194027509782119        0.0000000000000000     
 -0.42000000000000459        1.4210016266762042        0.0000000000000000     
 -0.41666666666667124        1.4225903897589629        0.0000000000000000     
 -0.41333333333333788        1.4241691804471455        0.0000000000000000     
 -0.41000000000000453        1.4257381363282808        0.0000000000000000     
 -0.40666666666667117        1.4272973923156131        0.0000000000000000     
 -0.40333333333333782        1.4288470806170450        0.0000000000000000     
 -0.40000000000000446        1.4303873307136075        0.0000000000000000     
 -0.39666666666667111        1.4319182693469157        0.0000000000000000     
 -0.39333333333333775        1.4334400205150786        0.0000000000000000     
 -0.39000000000000440        1.4349527054765381        0.0000000000000000     
 -0.38666666666667104        1.4364564427613322        0.0000000000000000     
 -0.38333333333333769        1.4379513481892998        0.0000000000000000     
 -0.38000000000000433        1.4394375348947526        0.0000000000000000     
 -0.37666666666667098        1.4409151133571469        0.0000000000000000     
 -0.37333333333333762        1.4423841914373232        0.0000000000000000     
 -0.37000000000000427        1.4438448744188799        0.0000000000000000     
 -0.36666666666667092        1.4452972650542677        0.0000000000000000     
 -0.36333333333333756        1.4467414636152143        0.0000000000000000     
 -0.36000000000000421        1.4481775679470841        0.0000000000000000     
 -0.35666666666667085        1.4496056735268241        0.0000000000000000     
 -0.35333333333333750        1.4510258735241259        0.0000000000000000     
 -0.35000000000000414        1.4524382588654783        0.0000000000000000     
 -0.34666666666667079        1.4538429183007826        0.0000000000000000     
 -0.34333333333333743        1.4552399384722259        0.0000000000000000     
 -0.34000000000000408        1.4566294039851100        0.0000000000000000     
 -0.33666666666667072        1.4580113974803652        0.0000000000000000     
 -0.33333333333333737        1.4593859997084804        0.0000000000000000     
 -0.33000000000000401        1.4607532896045801        0.0000000000000000     
 -0.32666666666667066        1.4621133443644410        0.0000000000000000     
 -0.32333333333333730        1.4634662395211770        0.0000000000000000     
 -0.32000000000000395        1.4648120490224228        0.0000000000000000     
 -0.31666666666667059        1.4661508453077692        0.0000000000000000     
 -0.31333333333333724        1.4674826993862962        0.0000000000000000     
 -0.31000000000000388        1.4688076809139945        0.0000000000000000     
 -0.30666666666667053        1.4701258582709265        0.0000000000000000     
 -0.30333333333333717        1.4714372986379542        0.0000000000000000     
 -0.30000000000000382        1.4727420680728942        0.0000000000000000     
 -0.29666666666667046        1.4740402315859620        0.0000000000000000     
 -0.29333333333333711        1.4753318532143709        0.0000000000000000     
 -0.29000000000000375        1.4766169960959694        0.0000000000000000     
 -0.28666666666667040        1.4778957225418163        0.0000000000000000     
 -0.28333333333333705        1.4791680941075707        0.0000000000000000     
 -0.28000000000000369        1.4804341716636296        0.0000000000000000     
 -0.27666666666667034        1.4816940154639047        0.0000000000000000     
 -0.27333333333333698        1.4829476852131829        0.0000000000000000     
 -0.27000000000000363        1.4841952401329783        0.0000000000000000     
 -0.26666666666667027        1.4854367390258307        0.0000000000000000     
 -0.26333333333333692        1.4866722403379846        0.0000000000000000     
 -0.26000000000000356        1.4879018022204011        0.0000000000000000     
 -0.25666666666667021        1.4891254825880578        0.0000000000000000     
 -0.25333333333333685        1.4903433391775027        0.0000000000000000     
 -0.25000000000000350        1.4915554296026214        0.0000000000000000     
 -0.24666666666667017        1.4927618114085990        0.0000000000000000     
 -0.24333333333333684        1.4939625421240452        0.0000000000000000     
 -0.24000000000000352        1.4951576793112760        0.0000000000000000     
 -0.23666666666667019        1.4963472806147227        0.0000000000000000     
 -0.23333333333333686        1.4975314038074763        0.0000000000000000     
 -0.23000000000000353        1.4987101068359463        0.0000000000000000     
 -0.22666666666667021        1.4998834478626437        0.0000000000000000     
 -0.22333333333333688        1.5010514853070824        0.0000000000000000     
 -0.22000000000000355        1.5022142778848049        0.0000000000000000     
 -0.21666666666667023        1.5033718846445459        0.0000000000000000     
 -0.21333333333333690        1.5045243650035340        0.0000000000000000     
 -0.21000000000000357        1.5056717787809546        0.0000000000000000     
 -0.20666666666667025        1.5068141862295839        0.0000000000000000     
 -0.20333333333333692        1.5079516480656099        0.0000000000000000     
 -0.20000000000000359        1.5090842254966701        0.0000000000000000     
 -0.19666666666667026        1.5102119802481135        0.0000000000000000     
 -0.19333333333333694        1.5113349745875218        0.0000000000000000     
 -0.19000000000000361        1.5124532713475098        0.0000000000000000     
 -0.18666666666667028        1.5135669339468301        0.0000000000000000     
 -0.18333333333333696        1.5146760264098136        0.0000000000000000     
 -0.18000000000000363        1.5157806133841711        0.0000000000000000     
 -0.17666666666667030        1.5168807601571890        0.0000000000000000     
 -0.17333333333333698        1.5179765326703472        0.0000000000000000     
 -0.17000000000000365        1.5190679975323891        0.0000000000000000     
 -0.16666666666667032        1.5201552220308840        0.0000000000000000     
 -0.16333333333333699        1.5212382741423049        0.0000000000000000     
 -0.16000000000000367        1.5223172225406587        0.0000000000000000     
 -0.15666666666667034        1.5233921366047076        0.0000000000000000     
 -0.15333333333333701        1.5244630864238078        0.0000000000000000     
 -0.15000000000000369        1.5255301428024017        0.0000000000000000     
 -0.14666666666667036        1.5265933772632050        0.0000000000000000     
 -0.14333333333333703        1.5276528620491123        0.0000000000000000     
 -0.14000000000000370        1.5287086701238668        0.0000000000000000     
 -0.13666666666667038        1.5297608751715164        0.0000000000000000     
 -0.13333333333333705        1.5308095515947076        0.0000000000000000     
 -0.13000000000000372        1.5318547745118309        0.0000000000000000     
 -0.12666666666667040        1.5328966197530716        0.0000000000000000     
 -0.12333333333333707        1.5339351638553866        0.0000000000000000     
 -0.12000000000000374        1.5349704840564484        0.0000000000000000     
 -0.11666666666667042        1.5360026582875852        0.0000000000000000     
 -0.11333333333333709        1.5370317651657559        0.0000000000000000     
 -0.11000000000000376        1.5380578839845840        0.0000000000000000     
 -0.10666666666667043        1.5390810947044964        0.0000000000000000     
 -0.10333333333333711        1.5401014779419839        0.0000000000000000     
 -0.10000000000000378        1.5411191149580288        0.0000000000000000     
  -9.6666666666670453E-002   1.5421340876457206        0.0000000000000000     
  -9.3333333333337126E-002   1.5431464785171007        0.0000000000000000     
  -9.0000000000003799E-002   1.5441563706892552        0.0000000000000000     
  -8.6666666666670472E-002   1.5451638478696972        0.0000000000000000     
  -8.3333333333337145E-002   1.5461689943410617        0.0000000000000000     
  -8.0000000000003818E-002   1.5471718949451418        0.0000000000000000     
  -7.6666666666670491E-002   1.5481726350663012        0.0000000000000000     
  -7.3333333333337164E-002   1.5491713006142849        0.0000000000000000     
  -7.0000000000003837E-002   1.5501679780064586        0.0000000000000000     
  -6.6666666666670510E-002   1.5511627541495043        0.0000000000000000     
  -6.3333333333337183E-002   1.5521557164206019        0.0000000000000000     
  -6.0000000000003849E-002   1.5531469526481154        0.0000000000000000     
  -5.6666666666670515E-002   1.5541365510918215        0.0000000000000000     
  -5.3333333333337181E-002   1.5551246004226948        0.0000000000000000     
  -5.0000000000003847E-002   1.5561111897022848        0.0000000000000000     
  -4.6666666666670513E-002   1.5570964083617034        0.0000000000000000     
  -4.3333333333337179E-002   1.5580803461802499        0.0000000000000000     
  -4.0000000000003845E-002   1.5590630932636984        0.0000000000000000     
  -3.6666666666670511E-002   1.5600447400222712        0.0000000000000000     
  -3.3333333333337177E-002   1.5610253771483218        0.0000000000000000     
  -3.0000000000003843E-002   1.5620050955937499        0.0000000000000000     
  -2.6666666666670509E-002   1.5629839865471755        0.0000000000000000     
  -2.3333333333337175E-002   1.5639621414108891        0.0000000000000000     
  -2.0000000000003841E-002   1.5649396517776064        0.0000000000000000     
  -1.6666666666670507E-002   1.5659166094070465        0.0000000000000000     
  -1.3333333333337173E-002   1.5668931062023572        0.0000000000000000     
  -1.0000000000003839E-002   1.5678692341864102        0.0000000000000000     
  -6.6666666666705052E-003   1.5688450854779854        0.0000000000000000     
  -3.3333333333371716E-003   1.5698207522678707        0.0000000000000000     
  -3.8380756905986857E-015   1.5707963267948954        0.0000000000000000     
