  -1.0000000000000000        4.7123889803846897        0.0000000000000000     
 -0.99666666666666670        4.7380266907344915        0.0000000000000000     
 -0.99333333333333340        4.7640819505825007        0.0000000000000000     
 -0.99000000000000010        4.7905534056862260        0.0000000000000000     
 -0.98666666666666680        4.8174375805387530        0.0000000000000000     
 -0.98333333333333350        4.8447285213769078        0.0000000000000000     
 -0.98000000000000020        4.8724173948995206        0.0000000000000000     
 -0.97666666666666690        4.9004920399604117        0.0000000000000000     
 -0.97333333333333361        4.9289364703101937        0.0000000000000000     
 -0.97000000000000031        4.9577303277089442        0.0000000000000000     
 -0.96666666666666701        4.9868482865443386        0.0000000000000000     
 -0.96333333333333371        5.0162594136037972        0.0000000000000000     
 -0.96000000000000041        5.0459264900121195        0.0000000000000000     
 -0.95666666666666711        5.0758053066951669        0.0000000000000000     
 -0.95333333333333381        5.1058439501775386        0.0000000000000000     
 -0.95000000000000051        5.1359821021123251        0.0000000000000000     
 -0.94666666666666721        5.1661503836085414        0.0000000000000000     
 -0.94333333333333391        5.1962697839296608        0.0000000000000000     
 -0.94000000000000061        5.2262512220040502        0.0000000000000000     
 -0.93666666666666731        5.2559952976237998        0.0000000000000000     
 -0.93333333333333401        5.2853922960521924        0.0000000000000000     
 -0.93000000000000071        5.3143225134833143        0.0000000000000000     
 -0.92666666666666742        5.3426569695614692        0.0000000000000000     
 -0.92333333333333412        5.3702585650212207        0.0000000000000000     
 -0.92000000000000082        5.3969837257104212        0.0000000000000000     
 -0.91666666666666752        5.4226845477453169        0.0000000000000000     
 -0.91333333333333422        5.4472114224892296        0.0000000000000000     
 -0.91000000000000092        5.4704160763641072        0.0000000000000000     
 -0.90666666666666762        5.4921549131604683        0.0000000000000000     
 -0.90333333333333432        5.5122925013936648        0.0000000000000000     
 -0.90000000000000102        5.5307050134787872        0.0000000000000000     
 -0.89666666666666772        5.5472834041437977        0.0000000000000000     
 -0.89333333333333442        5.5619361180049340        0.0000000000000000     
 -0.89000000000000112        5.5745911428211921        0.0000000000000000     
 -0.88666666666666782        5.5851972736948561        0.0000000000000000     
 -0.88333333333333452        5.5937245183074742        0.0000000000000000     
 -0.88000000000000123        5.6001636450521097        0.0000000000000000     
 -0.87666666666666793        5.6045249444163918        0.0000000000000000     
 -0.87333333333333463        5.6068363300377779        0.0000000000000000     
 -0.87000000000000133        5.6071409432178845        0.0000000000000000     
 -0.86666666666666803        5.6054944408629854        0.0000000000000000     
 -0.86333333333333473        5.6019621430369826        0.0000000000000000     
 -0.86000000000000143        5.5966161965988723        0.0000000000000000     
 -0.85666666666666813        5.5895328812662841        0.0000000000000000     
 -0.85333333333333483        5.5807901495961598        0.0000000000000000     
 -0.85000000000000153        5.5704654576879689        0.0000000000000000     
 -0.84666666666666823        5.5586339124196265        0.0000000000000000     
 -0.84333333333333493        5.5453667357644809        0.0000000000000000     
 -0.84000000000000163        5.5307300279456806        0.0000000000000000     
 -0.83666666666666833        5.5147837986264028        0.0000000000000000     
 -0.83333333333333504        5.4975812281739795        0.0000000000000000     
 -0.83000000000000174        5.4791681181572924        0.0000000000000000     
 -0.82666666666666844        5.4595824904829495        0.0000000000000000     
 -0.82333333333333514        5.4388542969063796        0.0000000000000000     
 -0.82000000000000184        5.4170052042162098        0.0000000000000000     
 -0.81666666666666854        5.3940484245479086        0.0000000000000000     
 -0.81333333333333524        5.3699885646051531        0.0000000000000000     
 -0.81000000000000194        5.3448214718095279        0.0000000000000000     
 -0.80666666666666864        5.3185340594719488        0.0000000000000000     
 -0.80333333333333534        5.2911040970335304        0.0000000000000000     
 -0.80000000000000204        5.2624999554399157        0.0000000000000000     
 -0.79666666666666874        5.2326803021108930        0.0000000000000000     
 -0.79333333333333544        5.2015937452375596        0.0000000000000000     
 -0.79000000000000214        5.1691784339953282        0.0000000000000000     
 -0.78666666666666885        5.1353616307496441        0.0000000000000000     
 -0.78333333333333555        5.1000592849642343        0.0000000000000000     
 -0.78000000000000225        5.0631756585209331        0.0000000000000000     
 -0.77666666666666895        5.0246030817794196        0.0000000000000000     
 -0.77333333333333565        4.9842219637212803        0.0000000000000000     
 -0.77000000000000235        4.9419012449125841        0.0000000000000000     
 -0.76666666666666905        4.8974995788767783        0.0000000000000000     
 -0.76333333333333575        4.8508676701469273        0.0000000000000000     
 -0.76000000000000245        4.8018524055233058        0.0000000000000000     
 -0.75666666666666915        4.7503037146464893        0.0000000000000000     
 -0.75333333333333585        4.6960855169134401        0.0000000000000000     
 -0.75000000000000255        4.6390926803987380        0.0000000000000000     
 -0.74666666666666925        4.5792766350822038        0.0000000000000000     
 -0.74333333333333595        4.5166830681466967        0.0000000000000000     
 -0.74000000000000266        4.4515057130852904        0.0000000000000000     
 -0.73666666666666936        4.3841599623167973        0.0000000000000000     
 -0.73333333333333606        4.3153775329800670        0.0000000000000000     
 -0.73000000000000276        4.2463164448675741        0.0000000000000000     
 -0.72666666666666946        4.1786664740763957        0.0000000000000000     
 -0.72333333333333616        4.1147085597362532        0.0000000000000000     
 -0.72000000000000286        4.0572650505621333        0.0000000000000000     
 -0.71666666666666956        4.0094783243321697        0.0000000000000000     
 -0.71333333333333626        3.9744078391250071        0.0000000000000000     
 -0.71000000000000296        3.9545416634475816        0.0000000000000000     
 -0.70666666666666966        3.9514122173295965        0.0000000000000000     
 -0.70333333333333636        3.9654895989088033        0.0000000000000000     
 -0.70000000000000306        3.9963868788260326        0.0000000000000000     
 -0.69666666666666976        4.0432629177120223        0.0000000000000000     
 -0.69333333333333647        4.1052627286939147        0.0000000000000000     
 -0.69000000000000317        4.1818914447284747        0.0000000000000000     
 -0.68666666666666987        4.2732984480186378        0.0000000000000000     
 -0.68333333333333657        4.3804925820850409        0.0000000000000000     
 -0.68000000000000327        4.5054918612837032        0.0000000000000000     
 -0.67666666666666997        4.6512842507384944        0.0000000000000000     
 -0.67333333333333667        4.8210475932224233        0.0000000000000000     
 -0.67000000000000337        5.0147663687441186        0.0000000000000000     
 -0.66666666666667007        5.2184820876088613        0.0000000000000000     
 -0.66333333333333677        5.3832164067729948        0.0000000000000000     
 -0.66000000000000347        5.4261318094093394        0.0000000000000000     
 -0.65666666666667017        5.2962040805717781        0.0000000000000000     
 -0.65333333333333687        4.9827795960828016        0.0000000000000000     
 -0.65000000000000357        4.4130159804305178        0.0000000000000000     
 -0.64666666666667028        4.1005297665067202        0.0000000000000000     
 -0.64333333333333698        3.2965846466718003        0.0000000000000000     
 -0.64000000000000368       0.46280355892146324        0.0000000000000000     
 -0.63666666666667038        4.7550917004073732        0.0000000000000000     
 -0.63333333333333708        5.7937880089079847        0.0000000000000000     
 -0.63000000000000378        5.8737539008771300        0.0000000000000000     
 -0.62666666666667048       0.59276352416125655        0.0000000000000000     
 -0.62333333333333718        1.4648156401400068        0.0000000000000000     
 -0.62000000000000388        1.9001950133956369        0.0000000000000000     
 -0.61666666666667058        1.8944040841705980        0.0000000000000000     
 -0.61333333333333728        2.0404367133331749        0.0000000000000000     
 -0.61000000000000398        2.0137418588240092        0.0000000000000000     
 -0.60666666666667068        5.0323872068408573        0.0000000000000000     
 -0.60333333333333738       0.36976416026415948        0.0000000000000000     
 -0.60000000000000409        4.2577242066772598        0.0000000000000000     
 -0.59666666666667079        5.9807223238278340        0.0000000000000000     
 -0.59333333333333749        3.1419523852255669        0.0000000000000000     
 -0.59000000000000419        2.5608528666976857        0.0000000000000000     
 -0.58666666666667089        2.9981524155888963        0.0000000000000000     
 -0.58333333333333759        3.2472878264092850        0.0000000000000000     
 -0.58000000000000429        3.3805902451173657        0.0000000000000000     
 -0.57666666666667099        3.4533434326526207        0.0000000000000000     
 -0.57333333333333769        3.4914814950118203        0.0000000000000000     
 -0.57000000000000439        3.5083490017855978        0.0000000000000000     
 -0.56666666666667109        3.5111676352309193        0.0000000000000000     
 -0.56333333333333779        3.5037808814912097        0.0000000000000000     
 -0.56000000000000449        3.4879769445894571        0.0000000000000000     
 -0.55666666666667119        3.4641616353693281        0.0000000000000000     
 -0.55333333333333790        3.4316751404787404        0.0000000000000000     
 -0.55000000000000460        3.3888687657432373        0.0000000000000000     
 -0.54666666666667130        3.3329676777255122        0.0000000000000000     
 -0.54333333333333800        3.2596768506223048        0.0000000000000000     
 -0.54000000000000470        3.1624292611287230        0.0000000000000000     
 -0.53666666666667140        3.0312784786647184        0.0000000000000000     
 -0.53333333333333810        2.8530292280366565        0.0000000000000000     
 -0.53000000000000480        2.6272852244181606        0.0000000000000000     
 -0.52666666666667150        2.4803601658100649        0.0000000000000000     
 -0.52333333333333820        2.9264596399313505        0.0000000000000000     
 -0.52000000000000490        4.1963758291257349        0.0000000000000000     
 -0.51666666666667160        5.9319643441754124        0.0000000000000000     
 -0.51333333333333830        4.2277896002063402        0.0000000000000000     
 -0.51000000000000500        4.3170800952180981        0.0000000000000000     
 -0.50666666666667171        5.6978193881663968        0.0000000000000000     
 -0.50333333333333841       0.44417870757944922        0.0000000000000000     
 -0.50000000000000511        2.8585273471655719        0.0000000000000000     
 -0.49666666666667175        2.7264054608215922        0.0000000000000000     
 -0.49333333333333840       0.89475006310994920        0.0000000000000000     
 -0.49000000000000504        2.0571046554419228        0.0000000000000000     
 -0.48666666666667169        2.2076817616574669        0.0000000000000000     
 -0.48333333333333833        2.0505985331270176        0.0000000000000000     
 -0.48000000000000498        1.8726267984768021        0.0000000000000000     
 -0.47666666666667162        1.7324777803426143        0.0000000000000000     
 -0.47333333333333827        1.6277383213517373        0.0000000000000000     
 -0.47000000000000491        1.5493803588660719        0.0000000000000000     
 -0.46666666666667156        1.4902117431426625        0.0000000000000000     
 -0.46333333333333820        1.4451860616680239        0.0000000000000000     
 -0.46000000000000485        1.4107865589842692        0.0000000000000000     
 -0.45666666666667149        1.3845152915231325        0.0000000000000000     
 -0.45333333333333814        1.3645553683701366        0.0000000000000000     
 -0.45000000000000479        1.3495552452585251        0.0000000000000000     
 -0.44666666666667143        1.3384896123353334        0.0000000000000000     
 -0.44333333333333808        1.3305676093327967        0.0000000000000000     
 -0.44000000000000472        1.3251706751349746        0.0000000000000000     
 -0.43666666666667137        1.3218093786905691        0.0000000000000000     
 -0.43333333333333801        1.3200927187338942        0.0000000000000000     
 -0.43000000000000466        1.3197058221998095        0.0000000000000000     
 -0.42666666666667130        1.3203934355351288        0.0000000000000000     
 -0.42333333333333795        1.3219474998678600        0.0000000000000000     
 -0.42000000000000459        1.3241976628786976        0.0000000000000000     
 -0.41666666666667124        1.3270039404410832        0.0000000000000000     
 -0.41333333333333788        1.3302509772278699        0.0000000000000000     
 -0.41000000000000453        1.3338435135825935        0.0000000000000000     
 -0.40666666666667117        1.3377027739358665        0.0000000000000000     
 -0.40333333333333782        1.3417635671804256        0.0000000000000000     
 -0.40000000000000446        1.3459719425991241        0.0000000000000000     
 -0.39666666666667111        1.3502832831808711        0.0000000000000000     
 -0.39333333333333775        1.3546607460569442        0.0000000000000000     
 -0.39000000000000440        1.3590739804111660        0.0000000000000000     
 -0.38666666666667104        1.3634980686435536        0.0000000000000000     
 -0.38333333333333769        1.3679126482328636        0.0000000000000000     
 -0.38000000000000433        1.3723011806531087        0.0000000000000000     
 -0.37666666666667098        1.3766503405651436        0.0000000000000000     
 -0.37333333333333762        1.3809495038385649        0.0000000000000000     
 -0.37000000000000427        1.3851903171345548        0.0000000000000000     
 -0.36666666666667092        1.3893663350705798        0.0000000000000000     
 -0.36333333333333756        1.3934727135971454        0.0000000000000000     
 -0.36000000000000421        1.3975059502976463        0.0000000000000000     
 -0.35666666666667085        1.4014636639909688        0.0000000000000000     
 -0.35333333333333750        1.4053444073607029        0.0000000000000000     
 -0.35000000000000414        1.4091475074229460        0.0000000000000000     
 -0.34666666666667079        1.4128729295291567        0.0000000000000000     
 -0.34333333333333743        1.4165211613221234        0.0000000000000000     
 -0.34000000000000408        1.4200931136546118        0.0000000000000000     
 -0.33666666666667072        1.4235900359658482        0.0000000000000000     
 -0.33333333333333737        1.4270134440121067        0.0000000000000000     
 -0.33000000000000401        1.4303650581790839        0.0000000000000000     
 -0.32666666666667066        1.4336467508787860        0.0000000000000000     
 -0.32333333333333730        1.4368605017628286        0.0000000000000000     
 -0.32000000000000395        1.4400083596747342        0.0000000000000000     
 -0.31666666666667059        1.4430924104239093        0.0000000000000000     
 -0.31333333333333724        1.4461147495976867        0.0000000000000000     
 -0.31000000000000388        1.4490774597406313        0.0000000000000000     
 -0.30666666666667053        1.4519825913252165        0.0000000000000000     
 -0.30333333333333717        1.4548321470179466        0.0000000000000000     
 -0.30000000000000382        1.4576280688131349        0.0000000000000000     
 -0.29666666666667046        1.4603722276638362        0.0000000000000000     
 -0.29333333333333711        1.4630664152885715        0.0000000000000000     
 -0.29000000000000375        1.4657123378741208        0.0000000000000000     
 -0.28666666666667040        1.4683116114303005        0.0000000000000000     
 -0.28333333333333705        1.4708657585832188        0.0000000000000000     
 -0.28000000000000369        1.4733762066197056        0.0000000000000000     
 -0.27666666666667034        1.4758442866180670        0.0000000000000000     
 -0.27333333333333698        1.4782712335200394        0.0000000000000000     
 -0.27000000000000363        1.4806581870153692        0.0000000000000000     
 -0.26666666666667027        1.4830061931254297        0.0000000000000000     
 -0.26333333333333692        1.4853162063847145        0.0000000000000000     
 -0.26000000000000356        1.4875890925305209        0.0000000000000000     
 -0.25666666666667021        1.4898256316206477        0.0000000000000000     
 -0.25333333333333685        1.4920265215077666        0.0000000000000000     
 -0.25000000000000350        1.4941923816066094        0.0000000000000000     
 -0.24666666666667017        1.4963237568968901        0.0000000000000000     
 -0.24333333333333684        1.4984211221110042        0.0000000000000000     
 -0.24000000000000352        1.5004848860607316        0.0000000000000000     
 -0.23666666666667019        1.5025153960621771        0.0000000000000000     
 -0.23333333333333686        1.5045129424224124        0.0000000000000000     
 -0.23000000000000353        1.5064777629552895        0.0000000000000000     
 -0.22666666666667021        1.5084100474973539        0.0000000000000000     
 -0.22333333333333688        1.5103099423981114        0.0000000000000000     
 -0.22000000000000355        1.5121775549618037        0.0000000000000000     
 -0.21666666666667023        1.5140129578205579        0.0000000000000000     
 -0.21333333333333690        1.5158161932211827        0.0000000000000000     
 -0.21000000000000357        1.5175872772102745        0.0000000000000000     
 -0.20666666666667025        1.5193262037041491        0.0000000000000000     
 -0.20333333333333692        1.5210329484323146        0.0000000000000000     
 -0.20000000000000359        1.5227074727445780        0.0000000000000000     
 -0.19666666666667026        1.5243497272738680        0.0000000000000000     
 -0.19333333333333694        1.5259596554480099        0.0000000000000000     
 -0.19000000000000361        1.5275371968452287        0.0000000000000000     
 -0.18666666666667028        1.5290822903892847        0.0000000000000000     
 -0.18333333333333696        1.5305948773813760        0.0000000000000000     
 -0.18000000000000363        1.5320749043668207        0.0000000000000000     
 -0.17666666666667030        1.5335223258356263        0.0000000000000000     
 -0.17333333333333698        1.5349371067567761        0.0000000000000000     
 -0.17000000000000365        1.5363192249468889        0.0000000000000000     
 -0.16666666666667032        1.5376686732745590        0.0000000000000000     
 -0.16333333333333699        1.5389854617023120        0.0000000000000000     
 -0.16000000000000367        1.5402696191686551        0.0000000000000000     
 -0.15666666666667034        1.5415211953131591        0.0000000000000000     
 -0.15333333333333701        1.5427402620479029        0.0000000000000000     
 -0.15000000000000369        1.5439269149791039        0.0000000000000000     
 -0.14666666666667036        1.5450812746828206        0.0000000000000000     
 -0.14333333333333703        1.5462034878391266        0.0000000000000000     
 -0.14000000000000370        1.5472937282292167        0.0000000000000000     
 -0.13666666666667038        1.5483521976000694        0.0000000000000000     
 -0.13333333333333705        1.5493791264015411        0.0000000000000000     
 -0.13000000000000372        1.5503747744007226        0.0000000000000000     
 -0.12666666666667040        1.5513394311785136        0.0000000000000000     
 -0.12333333333333707        1.5522734165134406        0.0000000000000000     
 -0.12000000000000374        1.5531770806576535        0.0000000000000000     
 -0.11666666666667042        1.5540508045100998        0.0000000000000000     
 -0.11333333333333709        1.5548949996918002        0.0000000000000000     
 -0.11000000000000376        1.5557101085280762        0.0000000000000000     
 -0.10666666666667043        1.5564966039425197        0.0000000000000000     
 -0.10333333333333711        1.5572549892673861        0.0000000000000000     
 -0.10000000000000378        1.5579857979750278        0.0000000000000000     
  -9.6666666666670453E-002   1.5586895933347775        0.0000000000000000     
  -9.3333333333337126E-002   1.5593669679996549        0.0000000000000000     
  -9.0000000000003799E-002   1.5600185435270957        0.0000000000000000     
  -8.6666666666670472E-002   1.5606449698377405        0.0000000000000000     
  -8.3333333333337145E-002   1.5612469246162077        0.0000000000000000     
  -8.0000000000003818E-002   1.5618251126576126        0.0000000000000000     
  -7.6666666666670491E-002   1.5623802651634193        0.0000000000000000     
  -7.3333333333337164E-002   1.5629131389901125        0.0000000000000000     
  -7.0000000000003837E-002   1.5634245158539628        0.0000000000000000     
  -6.6666666666670510E-002   1.5639152014950242        0.0000000000000000     
  -6.3333333333337183E-002   1.5643860248033905        0.0000000000000000     
  -6.0000000000003849E-002   1.5648378369105280        0.0000000000000000     
  -5.6666666666670515E-002   1.5652715102483865        0.0000000000000000     
  -5.3333333333337181E-002   1.5656879375788613        0.0000000000000000     
  -5.0000000000003847E-002   1.5660880309960084        0.0000000000000000     
  -4.6666666666670513E-002   1.5664727209033074        0.0000000000000000     
  -4.3333333333337179E-002   1.5668429549681344        0.0000000000000000     
  -4.0000000000003845E-002   1.5671996970554758        0.0000000000000000     
  -3.6666666666670511E-002   1.5675439261428061        0.0000000000000000     
  -3.3333333333337177E-002   1.5678766352179532        0.0000000000000000     
  -3.0000000000003843E-002   1.5681988301616456        0.0000000000000000     
  -2.6666666666670509E-002   1.5685115286163762        0.0000000000000000     
  -2.3333333333337175E-002   1.5688157588430987        0.0000000000000000     
  -2.0000000000003841E-002   1.5691125585672072        0.0000000000000000     
  -1.6666666666670507E-002   1.5694029738151793        0.0000000000000000     
  -1.3333333333337173E-002   1.5696880577431929        0.0000000000000000     
  -1.0000000000003839E-002   1.5699688694589604        0.0000000000000000     
  -6.6666666666705052E-003   1.5702464728380010        0.0000000000000000     
  -3.3333333333371716E-003   1.5705219353355007        0.0000000000000000     
  -3.8380756905986857E-015   1.5707963267948963        0.0000000000000000     
