  -1.0000000000000000        1.5707963267948966        0.0000000000000000     
 -0.99666666666666670        1.4863014971557700        0.0000000000000000     
 -0.99333333333333340        1.3987627919921304        0.0000000000000000     
 -0.99000000000000010        1.3114884308357471        0.0000000000000000     
 -0.98666666666666680        1.2283104374250087        0.0000000000000000     
 -0.98333333333333350        1.1529136469860077        0.0000000000000000     
 -0.98000000000000020        1.0881006286722434        0.0000000000000000     
 -0.97666666666666690        1.0353179210735270        0.0000000000000000     
 -0.97333333333333361       0.99463081516047891        0.0000000000000000     
 -0.97000000000000031       0.96506815473650409        0.0000000000000000     
 -0.96666666666666701       0.94510059057801310        0.0000000000000000     
 -0.96333333333333371       0.93304901672288054        0.0000000000000000     
 -0.96000000000000041       0.92734158384302456        0.0000000000000000     
 -0.95666666666666711       0.92663197374834794        0.0000000000000000     
 -0.95333333333333381       0.92982641054055337        0.0000000000000000     
 -0.95000000000000051       0.93606369326515471        0.0000000000000000     
 -0.94666666666666721       0.94467745097712963        0.0000000000000000     
 -0.94333333333333391       0.95515618065550600        0.0000000000000000     
 -0.94000000000000061       0.96710780713804501        0.0000000000000000     
 -0.93666666666666731       0.98023077127418679        0.0000000000000000     
 -0.93333333333333401       0.99429148495661790        0.0000000000000000     
 -0.93000000000000071        1.0091071938176244        0.0000000000000000     
 -0.92666666666666742        1.0245331346509521        0.0000000000000000     
 -0.92333333333333412        1.0404529814973908        0.0000000000000000     
 -0.92000000000000082        1.0567717590171546        0.0000000000000000     
 -0.91666666666666752        1.0734105863933490        0.0000000000000000     
 -0.91333333333333422        1.0903027720366452        0.0000000000000000     
 -0.91000000000000092        1.1073909033936378        0.0000000000000000     
 -0.90666666666666762        1.1246246703610303        0.0000000000000000     
 -0.90333333333333432        1.1419592307928728        0.0000000000000000     
 -0.90000000000000102        1.1593539779545412        0.0000000000000000     
 -0.89666666666666772        1.1767716072445693        0.0000000000000000     
 -0.89333333333333442        1.1941774067697917        0.0000000000000000     
 -0.89000000000000112        1.2115387162045799        0.0000000000000000     
 -0.88666666666666782        1.2288245128368287        0.0000000000000000     
 -0.88333333333333452        1.2460050942909009        0.0000000000000000     
 -0.88000000000000123        1.2630518351940283        0.0000000000000000     
 -0.87666666666666793        1.2799370007901221        0.0000000000000000     
 -0.87333333333333463        1.2966336047595357        0.0000000000000000     
 -0.87000000000000133        1.3131153016749220        0.0000000000000000     
 -0.86666666666666803        1.3293563069009735        0.0000000000000000     
 -0.86333333333333473        1.3453313385389123        0.0000000000000000     
 -0.86000000000000143        1.3610155773771710        0.0000000000000000     
 -0.85666666666666813        1.3763846418487280        0.0000000000000000     
 -0.85333333333333483        1.3914145757946137        0.0000000000000000     
 -0.85000000000000153        1.4060818474515586        0.0000000000000000     
 -0.84666666666666823        1.4203633585631561        0.0000000000000000     
 -0.84333333333333493        1.4342364628905542        0.0000000000000000     
 -0.84000000000000163        1.4476789936939585        0.0000000000000000     
 -0.83666666666666833        1.4606692999849635        0.0000000000000000     
 -0.83333333333333504        1.4731862915260843        0.0000000000000000     
 -0.83000000000000174        1.4852094926821777        0.0000000000000000     
 -0.82666666666666844        1.4967191053145852        0.0000000000000000     
 -0.82333333333333514        1.5076960809543534        0.0000000000000000     
 -0.82000000000000184        1.5181222024943182        0.0000000000000000     
 -0.81666666666666854        1.5279801756005735        0.0000000000000000     
 -0.81333333333333524        1.5372537299580864        0.0000000000000000     
 -0.81000000000000194        1.5459277303301642        0.0000000000000000     
 -0.80666666666666864        1.5539882972233723        0.0000000000000000     
 -0.80333333333333534        1.5614229367060688        0.0000000000000000     
 -0.80000000000000204        1.5682206786286312        0.0000000000000000     
 -0.79666666666666874        1.5743722221378476        0.0000000000000000     
 -0.79333333333333544        1.5798700869707250        0.0000000000000000     
 -0.79000000000000214        1.5847087685626551        0.0000000000000000     
 -0.78666666666666885        1.5888848945229985        0.0000000000000000     
 -0.78333333333333555        1.5923973795362198        0.0000000000000000     
 -0.78000000000000225        1.5952475752606829        0.0000000000000000     
 -0.77666666666666895        1.5974394113477155        0.0000000000000000     
 -0.77333333333333565        1.5989795233228039        0.0000000000000000     
 -0.77000000000000235        1.5998773627919505        0.0000000000000000     
 -0.76666666666666905        1.6001452852952600        0.0000000000000000     
 -0.76333333333333575        1.5997986111583762        0.0000000000000000     
 -0.76000000000000245        1.5988556549185597        0.0000000000000000     
 -0.75666666666666915        1.5973377193445195        0.0000000000000000     
 -0.75333333333333585        1.5952690507349916        0.0000000000000000     
 -0.75000000000000255        1.5926767530638124        0.0000000000000000     
 -0.74666666666666925        1.5895906596159846        0.0000000000000000     
 -0.74333333333333595        1.5860431619917741        0.0000000000000000     
 -0.74000000000000266        1.5820689976906996        0.0000000000000000     
 -0.73666666666666936        1.5777049988594190        0.0000000000000000     
 -0.73333333333333606        1.5729898061245347        0.0000000000000000     
 -0.73000000000000276        1.5679635526587887        0.0000000000000000     
 -0.72666666666666946        1.5626675246766624        0.0000000000000000     
 -0.72333333333333616        1.5571438053628559        0.0000000000000000     
 -0.72000000000000286        1.5514349097586111        0.0000000000000000     
 -0.71666666666666956        1.5455834183412687        0.0000000000000000     
 -0.71333333333333626        1.5396316169244113        0.0000000000000000     
 -0.71000000000000296        1.5336211500957651        0.0000000000000000     
 -0.70666666666666966        1.5275926947311869        0.0000000000000000     
 -0.70333333333333636        1.5215856592230825        0.0000000000000000     
 -0.70000000000000306        1.5156379130016835        0.0000000000000000     
 -0.69666666666666976        1.5097855497693726        0.0000000000000000     
 -0.69333333333333647        1.5040626866783198        0.0000000000000000     
 -0.69000000000000317        1.4985013005170633        0.0000000000000000     
 -0.68666666666666987        1.4931311008856945        0.0000000000000000     
 -0.68333333333333657        1.4879794393706183        0.0000000000000000     
 -0.68000000000000327        1.4830712529078878        0.0000000000000000     
 -0.67666666666666997        1.4784290388652479        0.0000000000000000     
 -0.67333333333333667        1.4740728588820100        0.0000000000000000     
 -0.67000000000000337        1.4700203681790718        0.0000000000000000     
 -0.66666666666667007        1.4662868668764197        0.0000000000000000     
 -0.66333333333333677        1.4628853698154081        0.0000000000000000     
 -0.66000000000000347        1.4598266914565987        0.0000000000000000     
 -0.65666666666667017        1.4571195425890986        0.0000000000000000     
 -0.65333333333333687        1.4547706358221788        0.0000000000000000     
 -0.65000000000000357        1.4527847971122849        0.0000000000000000     
 -0.64666666666667028        1.4511650808911876        0.0000000000000000     
 -0.64333333333333698        1.4499128866858959        0.0000000000000000     
 -0.64000000000000368        1.4490280754457499        0.0000000000000000     
 -0.63666666666667038        1.4485090841060024        0.0000000000000000     
 -0.63333333333333708        1.4483530372117082        0.0000000000000000     
 -0.63000000000000378        1.4485558546958348        0.0000000000000000     
 -0.62666666666667048        1.4491123551484613        0.0000000000000000     
 -0.62333333333333718        1.4500163541258793        0.0000000000000000     
 -0.62000000000000388        1.4512607572319696        0.0000000000000000     
 -0.61666666666667058        1.4528376478581384        0.0000000000000000     
 -0.61333333333333728        1.4547383695944025        0.0000000000000000     
 -0.61000000000000398        1.4569536034254575        0.0000000000000000     
 -0.60666666666667068        1.4594734399039169        0.0000000000000000     
 -0.60333333333333738        1.4622874465501539        0.0000000000000000     
 -0.60000000000000409        1.4653847307688523        0.0000000000000000     
 -0.59666666666667079        1.4687539985960134        0.0000000000000000     
 -0.59333333333333749        1.4723836096025640        0.0000000000000000     
 -0.59000000000000419        1.4762616282808232        0.0000000000000000     
 -0.58666666666667089        1.4803758722328431        0.0000000000000000     
 -0.58333333333333759        1.4847139574640915        0.0000000000000000     
 -0.58000000000000429        1.4892633410663114        0.0000000000000000     
 -0.57666666666667099        1.4940113615490045        0.0000000000000000     
 -0.57333333333333769        1.4989452770523846        0.0000000000000000     
 -0.57000000000000439        1.5040523016462346        0.0000000000000000     
 -0.56666666666667109        1.5093196398903019        0.0000000000000000     
 -0.56333333333333779        1.5147345198027029        0.0000000000000000     
 -0.56000000000000449        1.5202842243552022        0.0000000000000000     
 -0.55666666666667119        1.5259561215869959        0.0000000000000000     
 -0.55333333333333790        1.5317376934040603        0.0000000000000000     
 -0.55000000000000460        1.5376165631080689        0.0000000000000000     
 -0.54666666666667130        1.5435805216786733        0.0000000000000000     
 -0.54333333333333800        1.5496175528149816        0.0000000000000000     
 -0.54000000000000470        1.5557158567271197        0.0000000000000000     
 -0.53666666666667140        1.5618638726563854        0.0000000000000000     
 -0.53333333333333810        1.5680503000933534        0.0000000000000000     
 -0.53000000000000480        1.5742641186560942        0.0000000000000000     
 -0.52666666666667150        1.5804946065873053        0.0000000000000000     
 -0.52333333333333820        1.5867313578270037        0.0000000000000000     
 -0.52000000000000490        1.5929642976188187        0.0000000000000000     
 -0.51666666666667160        1.5991836966105404        0.0000000000000000     
 -0.51333333333333830        1.6053801834146222        0.0000000000000000     
 -0.51000000000000500        1.6115447556009563        0.0000000000000000     
 -0.50666666666667171        1.6176687891016897        0.0000000000000000     
 -0.50333333333333841        1.6237440460174706        0.0000000000000000     
 -0.50000000000000511        1.6297626808236028        0.0000000000000000     
 -0.49666666666667175        1.6357172449853314        0.0000000000000000     
 -0.49333333333333840        1.6416006900017590        0.0000000000000000     
 -0.49000000000000504        1.6474063689085436        0.0000000000000000     
 -0.48666666666667169        1.6531280362797034        0.0000000000000000     
 -0.48333333333333833        1.6587598467787503        0.0000000000000000     
 -0.48000000000000498        1.6642963523185550        0.0000000000000000     
 -0.47666666666667162        1.6697324978976886        0.0000000000000000     
 -0.47333333333333827        1.6750636161884971        0.0000000000000000     
 -0.47000000000000491        1.6802854209585858        0.0000000000000000     
 -0.46666666666667156        1.6853939994127431        0.0000000000000000     
 -0.46333333333333820        1.6903858035465642        0.0000000000000000     
 -0.46000000000000485        1.6952576406060300        0.0000000000000000     
 -0.45666666666667149        1.7000066627493808        0.0000000000000000     
 -0.45333333333333814        1.7046303560082618        0.0000000000000000     
 -0.45000000000000479        1.7091265286450752        0.0000000000000000     
 -0.44666666666667143        1.7134932990021883        0.0000000000000000     
 -0.44333333333333808        1.7177290829365606        0.0000000000000000     
 -0.44000000000000472        1.7218325809304793        0.0000000000000000     
 -0.43666666666667137        1.7258027649654823        0.0000000000000000     
 -0.43333333333333801        1.7296388652423531        0.0000000000000000     
 -0.43000000000000466        1.7333403568252861        0.0000000000000000     
 -0.42666666666667130        1.7369069462833602        0.0000000000000000     
 -0.42333333333333795        1.7403385583969253        0.0000000000000000     
 -0.42000000000000459        1.7436353229909205        0.0000000000000000     
 -0.41666666666667124        1.7467975619515148        0.0000000000000000     
 -0.41333333333333788        1.7498257764765794        0.0000000000000000     
 -0.41000000000000453        1.7527206346048743        0.0000000000000000     
 -0.40666666666667117        1.7554829590631891        0.0000000000000000     
 -0.40333333333333782        1.7581137154652211        0.0000000000000000     
 -0.40000000000000446        1.7606140008907714        0.0000000000000000     
 -0.39666666666667111        1.7629850328687828        0.0000000000000000     
 -0.39333333333333775        1.7652281387831146        0.0000000000000000     
 -0.39000000000000440        1.7673447457154623        0.0000000000000000     
 -0.38666666666667104        1.7693363707357446        0.0000000000000000     
 -0.38333333333333769        1.7712046116465483        0.0000000000000000     
 -0.38000000000000433        1.7729511381848131        0.0000000000000000     
 -0.37666666666667098        1.7745776836806615        0.0000000000000000     
 -0.37333333333333762        1.7760860371707510        0.0000000000000000     
 -0.37000000000000427        1.7774780359608564        0.0000000000000000     
 -0.36666666666667092        1.7787555586303476        0.0000000000000000     
 -0.36333333333333756        1.7799205184692737        0.0000000000000000     
 -0.36000000000000421        1.7809748573372739        0.0000000000000000     
 -0.35666666666667085        1.7819205399321012        0.0000000000000000     
 -0.35333333333333750        1.7827595484545129        0.0000000000000000     
 -0.35000000000000414        1.7834938776553710        0.0000000000000000     
 -0.34666666666667079        1.7841255302501235        0.0000000000000000     
 -0.34333333333333743        1.7846565126853962        0.0000000000000000     
 -0.34000000000000408        1.7850888312420004        0.0000000000000000     
 -0.33666666666667072        1.7854244884585631        0.0000000000000000     
 -0.33333333333333737        1.7856654798599609        0.0000000000000000     
 -0.33000000000000401        1.7858137909746432        0.0000000000000000     
 -0.32666666666667066        1.7858713946253375        0.0000000000000000     
 -0.32333333333333730        1.7858402484776508        0.0000000000000000     
 -0.32000000000000395        1.7857222928315728        0.0000000000000000     
 -0.31666666666667059        1.7855194486411383        0.0000000000000000     
 -0.31333333333333724        1.7852336157480724        0.0000000000000000     
 -0.31000000000000388        1.7848666713155732        0.0000000000000000     
 -0.30666666666667053        1.7844204684490113        0.0000000000000000     
 -0.30333333333333717        1.7838968349907953        0.0000000000000000     
 -0.30000000000000382        1.7832975724771440        0.0000000000000000     
 -0.29666666666667046        1.7826244552452339        0.0000000000000000     
 -0.29333333333333711        1.7818792296794703        0.0000000000000000     
 -0.29000000000000375        1.7810636135864952        0.0000000000000000     
 -0.28666666666667040        1.7801792956888376        0.0000000000000000     
 -0.28333333333333705        1.7792279352278202        0.0000000000000000     
 -0.28000000000000369        1.7782111616667673        0.0000000000000000     
 -0.27666666666667034        1.7771305744861832        0.0000000000000000     
 -0.27333333333333698        1.7759877430629343        0.0000000000000000     
 -0.27000000000000363        1.7747842066261144        0.0000000000000000     
 -0.26666666666667027        1.7735214742826022        0.0000000000000000     
 -0.26333333333333692        1.7722010251058720        0.0000000000000000     
 -0.26000000000000356        1.7708243082819761        0.0000000000000000     
 -0.25666666666667021        1.7693927433071279        0.0000000000000000     
 -0.25333333333333685        1.7679077202315610        0.0000000000000000     
 -0.25000000000000350        1.7663705999448776        0.0000000000000000     
 -0.24666666666667017        1.7647827144983252        0.0000000000000000     
 -0.24333333333333684        1.7631453674598452        0.0000000000000000     
 -0.24000000000000352        1.7614598342980328        0.0000000000000000     
 -0.23666666666667019        1.7597273627914447        0.0000000000000000     
 -0.23333333333333686        1.7579491734599586        0.0000000000000000     
 -0.23000000000000353        1.7561264600152084        0.0000000000000000     
 -0.22666666666667021        1.7542603898272628        0.0000000000000000     
 -0.22333333333333688        1.7523521044050729        0.0000000000000000     
 -0.22000000000000355        1.7504027198883081        0.0000000000000000     
 -0.21666666666667023        1.7484133275485034        0.0000000000000000     
 -0.21333333333333690        1.7463849942975578        0.0000000000000000     
 -0.21000000000000357        1.7443187632018320        0.0000000000000000     
 -0.20666666666667025        1.7422156540002633        0.0000000000000000     
 -0.20333333333333692        1.7400766636250276        0.0000000000000000     
 -0.20000000000000359        1.7379027667234730        0.0000000000000000     
 -0.19666666666667026        1.7356949161801358        0.0000000000000000     
 -0.19333333333333694        1.7334540436377901        0.0000000000000000     
 -0.19000000000000361        1.7311810600165720        0.0000000000000000     
 -0.18666666666667028        1.7288768560304000        0.0000000000000000     
 -0.18333333333333696        1.7265423026998361        0.0000000000000000     
 -0.18000000000000363        1.7241782518608715        0.0000000000000000     
 -0.17666666666667030        1.7217855366689303        0.0000000000000000     
 -0.17333333333333698        1.7193649720976705        0.0000000000000000     
 -0.17000000000000365        1.7169173554321246        0.0000000000000000     
 -0.16666666666667032        1.7144434667557897        0.0000000000000000     
 -0.16333333333333699        1.7119440694313710        0.0000000000000000     
 -0.16000000000000367        1.7094199105749273        0.0000000000000000     
 -0.15666666666667034        1.7068717215231557        0.0000000000000000     
 -0.15333333333333701        1.7043002182936948        0.0000000000000000     
 -0.15000000000000369        1.7017061020382809        0.0000000000000000     
 -0.14666666666667036        1.6990900594886627        0.0000000000000000     
 -0.14333333333333703        1.6964527633952333        0.0000000000000000     
 -0.14000000000000370        1.6937948729583130        0.0000000000000000     
 -0.13666666666667038        1.6911170342520949        0.0000000000000000     
 -0.13333333333333705        1.6884198806412587        0.0000000000000000     
 -0.13000000000000372        1.6857040331903013        0.0000000000000000     
 -0.12666666666667040        1.6829701010656286        0.0000000000000000     
 -0.12333333333333707        1.6802186819304985        0.0000000000000000     
 -0.12000000000000374        1.6774503623328876        0.0000000000000000     
 -0.11666666666667042        1.6746657180864111        0.0000000000000000     
 -0.11333333333333709        1.6718653146443792        0.0000000000000000     
 -0.11000000000000376        1.6690497074671633        0.0000000000000000     
 -0.10666666666667043        1.6662194423829713        0.0000000000000000     
 -0.10333333333333711        1.6633750559421987        0.0000000000000000     
 -0.10000000000000378        1.6605170757655088        0.0000000000000000     
  -9.6666666666670453E-002   1.6576460208858046        0.0000000000000000     
  -9.3333333333337126E-002   1.6547624020842602        0.0000000000000000     
  -9.0000000000003799E-002   1.6518667222205743        0.0000000000000000     
  -8.6666666666670472E-002   1.6489594765576441        0.0000000000000000     
  -8.3333333333337145E-002   1.6460411530808265        0.0000000000000000     
  -8.0000000000003818E-002   1.6431122328119683        0.0000000000000000     
  -7.6666666666670491E-002   1.6401731901184069        0.0000000000000000     
  -7.3333333333337164E-002   1.6372244930171160        0.0000000000000000     
  -7.0000000000003837E-002   1.6342666034742011        0.0000000000000000     
  -6.6666666666670510E-002   1.6312999776999202        0.0000000000000000     
  -6.3333333333337183E-002   1.6283250664394437        0.0000000000000000     
  -6.0000000000003849E-002   1.6253423152595330        0.0000000000000000     
  -5.6666666666670515E-002   1.6223521648313401        0.0000000000000000     
  -5.3333333333337181E-002   1.6193550512095214        0.0000000000000000     
  -5.0000000000003847E-002   1.6163514061078601        0.0000000000000000     
  -4.6666666666670513E-002   1.6133416571716015        0.0000000000000000     
  -4.3333333333337179E-002   1.6103262282466846        0.0000000000000000     
  -4.0000000000003845E-002   1.6073055396460769        0.0000000000000000     
  -3.6666666666670511E-002   1.6042800084133992        0.0000000000000000     
  -3.3333333333337177E-002   1.6012500485840462        0.0000000000000000     
  -3.0000000000003843E-002   1.5982160714439844        0.0000000000000000     
  -2.6666666666670509E-002   1.5951784857864353        0.0000000000000000     
  -2.3333333333337175E-002   1.5921376981666293        0.0000000000000000     
  -2.0000000000003841E-002   1.5890941131548275        0.0000000000000000     
  -1.6666666666670507E-002   1.5860481335878056        0.0000000000000000     
  -1.3333333333337173E-002   1.5830001608189892        0.0000000000000000     
  -1.0000000000003839E-002   1.5799505949674413        0.0000000000000000     
  -6.6666666666705052E-003   1.5768998351658843        0.0000000000000000     
  -3.3333333333371716E-003   1.5738482798079583        0.0000000000000000     
  -3.8380756905986857E-015   1.5707963267949001        0.0000000000000000     
