  -1.0000000000000000        1.5707963267948966        6.2500000000000000E-002   1.2772722570158314E-010   2.0436356112253302E-009   6.2499999870320969E-002   0.0000000000000000        0.0000000000000000     
 -0.99666666666666670        1.5625952710708364        6.2500000000000000E-002   1.2772438418873304E-010   2.0435901470197287E-009   6.2499999870324945E-002   0.0000000000000000        0.0000000000000000     
 -0.99333333333333340        1.5544088391778415        6.2500000000000000E-002   1.2771584732035605E-010   2.0434535571256968E-009   6.2499999870336234E-002   0.0000000000000000        0.0000000000000000     
 -0.99000000000000010        1.5462370493765214        6.2500000000000000E-002   1.2770159703273119E-010   2.0432255525236991E-009   6.2499999870356288E-002   0.0000000000000000        0.0000000000000000     
 -0.98666666666666680        1.5380799354820491        6.2500000000000000E-002   1.2768161584146388E-010   2.0429058534634220E-009   6.2499999870384723E-002   0.0000000000000000        0.0000000000000000     
 -0.98333333333333350        1.5299375474411108        6.2500000000000000E-002   1.2765588684722921E-010   2.0424941895556674E-009   6.2499999870419834E-002   0.0000000000000000        0.0000000000000000     
 -0.98000000000000020        1.5218099519405801        6.2500000000000000E-002   1.2762439374145189E-010   2.0419902998632302E-009   6.2499999870462661E-002   0.0000000000000000        0.0000000000000000     
 -0.97666666666666690        1.5136972330495739        6.2500000000000000E-002   1.2758712081192822E-010   2.0413939329908515E-009   6.2499999870514931E-002   0.0000000000000000        0.0000000000000000     
 -0.97333333333333361        1.5055994928968781        6.2500000000000000E-002   1.2754405294838087E-010   2.0407048471740939E-009   6.2499999870575015E-002   0.0000000000000000        0.0000000000000000     
 -0.97000000000000031        1.4975168523859310        6.2500000000000000E-002   1.2749517564795305E-010   2.0399228103672488E-009   6.2499999870642142E-002   0.0000000000000000        0.0000000000000000     
 -0.96666666666666701        1.4894494519495332        6.2500000000000000E-002   1.2744047502063285E-010   2.0390476003301257E-009   6.2499999870717735E-002   0.0000000000000000        0.0000000000000000     
 -0.96333333333333371        1.4813974523465581        6.2500000000000000E-002   1.2737993779461396E-010   2.0380790047138233E-009   6.2499999870802507E-002   0.0000000000000000        0.0000000000000000     
 -0.96000000000000041        1.4733610355032143        6.2500000000000000E-002   1.2731355132158377E-010   2.0370168211453403E-009   6.2499999870894968E-002   0.0000000000000000        0.0000000000000000     
 -0.95666666666666711        1.4653404054015495        6.2500000000000000E-002   1.2724130358194519E-010   2.0358608573111230E-009   6.2499999870995269E-002   0.0000000000000000        0.0000000000000000     
 -0.95333333333333381        1.4573357890178746        6.2500000000000000E-002   1.2716318318996346E-010   2.0346109310394154E-009   6.2499999871103017E-002   0.0000000000000000        0.0000000000000000     
 -0.95000000000000051        1.4493474373142050        6.2500000000000000E-002   1.2707917939884148E-010   2.0332668703814637E-009   6.2499999871219965E-002   0.0000000000000000        0.0000000000000000     
 -0.94666666666666721        1.4413756262858102        6.2500000000000000E-002   1.2698928210572178E-010   2.0318285136915484E-009   6.2499999871344761E-002   0.0000000000000000        0.0000000000000000     
 -0.94333333333333391        1.4334206580683384        6.2500000000000000E-002   1.2689348185661180E-010   2.0302957097057888E-009   6.2499999871478175E-002   0.0000000000000000        0.0000000000000000     
 -0.94000000000000061        1.4254828621079461        6.2500000000000000E-002   1.2679176985123124E-010   2.0286683176196998E-009   6.2499999871619312E-002   0.0000000000000000        0.0000000000000000     
 -0.93666666666666731        1.4175625963984650        6.2500000000000000E-002   1.2668413794778205E-010   2.0269462071645127E-009   6.2499999871768575E-002   0.0000000000000000        0.0000000000000000     
 -0.93333333333333401        1.4096602487893806        6.2500000000000000E-002   1.2657057866763967E-010   2.0251292586822347E-009   6.2499999871927545E-002   0.0000000000000000        0.0000000000000000     
 -0.93000000000000071        1.4017762383693064        6.2500000000000000E-002   1.2645108519996061E-010   2.0232173631993698E-009   6.2499999872093086E-002   0.0000000000000000        0.0000000000000000     
 -0.92666666666666742        1.3939110169292390        6.2500000000000000E-002   1.2632565140621061E-010   2.0212104224993698E-009   6.2499999872267113E-002   0.0000000000000000        0.0000000000000000     
 -0.92333333333333412        1.3860650705106885        6.2500000000000000E-002   1.2619427182460603E-010   2.0191083491936966E-009   6.2499999872450682E-002   0.0000000000000000        0.0000000000000000     
 -0.92000000000000082        1.3782389210438617        6.2500000000000000E-002   1.2605694167447334E-010   2.0169110667915734E-009   6.2499999872640752E-002   0.0000000000000000        0.0000000000000000     
 -0.91666666666666752        1.3704331280814466        6.2500000000000000E-002   1.2591365686051956E-010   2.0146185097683129E-009   6.2499999872839891E-002   0.0000000000000000        0.0000000000000000     
 -0.91333333333333422        1.3626482906340596        6.2500000000000000E-002   1.2576441397701613E-010   2.0122306236322581E-009   6.2499999873047885E-002   0.0000000000000000        0.0000000000000000     
 -0.91000000000000092        1.3548850491134712        6.2500000000000000E-002   1.2560921031189495E-010   2.0097473649903193E-009   6.2499999873263747E-002   0.0000000000000000        0.0000000000000000     
 -0.90666666666666762        1.3471440873906075        6.2500000000000000E-002   1.2544804385075320E-010   2.0071687016120512E-009   6.2499999873486811E-002   0.0000000000000000        0.0000000000000000     
 -0.90333333333333432        1.3394261349753951        6.2500000000000000E-002   1.2528091328076623E-010   2.0044946124922597E-009   6.2499999873718709E-002   0.0000000000000000        0.0000000000000000     
 -0.90000000000000102        1.3317319693261245        6.2500000000000000E-002   1.2510781799450823E-010   2.0017250879121317E-009   6.2499999873958739E-002   0.0000000000000000        0.0000000000000000     
 -0.89666666666666772        1.3240624182965830        6.2500000000000000E-002   1.2492875809368066E-010   1.9988601294988905E-009   6.2499999874207859E-002   0.0000000000000000        0.0000000000000000     
 -0.89333333333333442        1.3164183627296606        6.2500000000000000E-002   1.2474373439274230E-010   1.9958997502838768E-009   6.2499999874464460E-002   0.0000000000000000        0.0000000000000000     
 -0.89000000000000112        1.3088007392067185        6.2500000000000000E-002   1.2455274842244673E-010   1.9928439747591477E-009   6.2499999874728686E-002   0.0000000000000000        0.0000000000000000     
 -0.88666666666666782        1.3012105429626688        6.2500000000000000E-002   1.2435580243327854E-010   1.9896928389324566E-009   6.2499999875001121E-002   0.0000000000000000        0.0000000000000000     
 -0.88333333333333452        1.2936488309773944        6.2500000000000000E-002   1.2415289939879445E-010   1.9864463903807113E-009   6.2499999875282646E-002   0.0000000000000000        0.0000000000000000     
 -0.88000000000000123        1.2861167252546646        6.2500000000000000E-002   1.2394404301886132E-010   1.9831046883017812E-009   6.2499999875571047E-002   0.0000000000000000        0.0000000000000000     
 -0.87666666666666793        1.2786154163006724        6.2500000000000000E-002   1.2372923772279615E-010   1.9796678035647383E-009   6.2499999875868434E-002   0.0000000000000000        0.0000000000000000     
 -0.87333333333333463        1.2711461668149806        6.2500000000000000E-002   1.2350848867240142E-010   1.9761358187584227E-009   6.2499999876172982E-002   0.0000000000000000        0.0000000000000000     
 -0.87000000000000133        1.2637103156074299        6.2500000000000000E-002   1.2328180176489809E-010   1.9725088282383694E-009   6.2499999876485940E-002   0.0000000000000000        0.0000000000000000     
 -0.86666666666666803        1.2563092817556261        6.2500000000000000E-002   1.2304918363575520E-010   1.9687869381720833E-009   6.2499999876806253E-002   0.0000000000000000        0.0000000000000000     
 -0.86333333333333473        1.2489445690183840        6.2500000000000000E-002   1.2281064166141327E-010   1.9649702665826123E-009   6.2499999877135080E-002   0.0000000000000000        0.0000000000000000     
 -0.86000000000000143        1.2416177705215248        6.2500000000000000E-002   1.2256618396190010E-010   1.9610589433904017E-009   6.2499999877471298E-002   0.0000000000000000        0.0000000000000000     
 -0.85666666666666813        1.2343305737335559        6.2500000000000000E-002   1.2231581940333985E-010   1.9570531104534376E-009   6.2499999877815571E-002   0.0000000000000000        0.0000000000000000     
 -0.85333333333333483        1.2270847657496391        6.2500000000000000E-002   1.2205955760035488E-010   1.9529529216056781E-009   6.2499999878167345E-002   0.0000000000000000        0.0000000000000000     
 -0.85000000000000153        1.2198822389036492        6.2500000000000000E-002   1.2179740891835475E-010   1.9487585426936759E-009   6.2499999878526655E-002   0.0000000000000000        0.0000000000000000     
 -0.84666666666666823        1.2127249967290243        6.2500000000000000E-002   1.2152938447571806E-010   1.9444701516114889E-009   6.2499999878894250E-002   0.0000000000000000        0.0000000000000000     
 -0.84333333333333493        1.2056151602905139        6.2500000000000000E-002   1.2125549614585905E-010   1.9400879383337447E-009   6.2499999879268506E-002   0.0000000000000000        0.0000000000000000     
 -0.84000000000000163        1.1985549749101949        6.2500000000000000E-002   1.2097575655918514E-010   1.9356121049469623E-009   6.2499999879650929E-002   0.0000000000000000        0.0000000000000000     
 -0.83666666666666833        1.1915468173123087        6.2500000000000000E-002   1.2069017910493759E-010   1.9310428656790014E-009   6.2499999880040014E-002   0.0000000000000000        0.0000000000000000     
 -0.83333333333333504        1.1845932032129278        6.2500000000000000E-002   1.2039877793291914E-010   1.9263804469267062E-009   6.2499999880437473E-002   0.0000000000000000        0.0000000000000000     
 -0.83000000000000174        1.1776967953816897        6.2500000000000000E-002   1.2010156795510679E-010   1.9216250872817087E-009   6.2499999880841178E-002   0.0000000000000000        0.0000000000000000     
 -0.82666666666666844        1.1708604122044186        6.2500000000000000E-002   1.1979856484714745E-010   1.9167770375543592E-009   6.2499999881253494E-002   0.0000000000000000        0.0000000000000000     
 -0.82333333333333514        1.1640870367763927        6.2500000000000000E-002   1.1948978504973541E-010   1.9118365607957666E-009   6.2499999881671667E-002   0.0000000000000000        0.0000000000000000     
 -0.82000000000000184        1.1573798265578727        6.2500000000000000E-002   1.1917524576987252E-010   1.9068039323179603E-009   6.2499999882097146E-002   0.0000000000000000        0.0000000000000000     
 -0.81666666666666854        1.1507421236242295        6.2500000000000000E-002   1.1885496498201073E-010   1.9016794397121717E-009   6.2499999882529855E-002   0.0000000000000000        0.0000000000000000     
 -0.81333333333333524        1.1441774655446113        6.2500000000000000E-002   1.1852896142907160E-010   1.8964633828651457E-009   6.2499999882969670E-002   0.0000000000000000        0.0000000000000000     
 -0.81000000000000194        1.1376895969238430        6.2500000000000000E-002   1.1819725462334891E-010   1.8911560739735825E-009   6.2499999883415945E-002   0.0000000000000000        0.0000000000000000     
 -0.80666666666666864        1.1312824816433760        6.2500000000000000E-002   1.1785986484728621E-010   1.8857578375565794E-009   6.2499999883868576E-002   0.0000000000000000        0.0000000000000000     
 -0.80333333333333534        1.1249603158375050        6.2500000000000000E-002   1.1751681315413566E-010   1.8802690104661706E-009   6.2499999884328507E-002   0.0000000000000000        0.0000000000000000     
 -0.80000000000000204        1.1187275416416851        6.2500000000000000E-002   1.1716812136849073E-010   1.8746899418958516E-009   6.2499999884794627E-002   0.0000000000000000        0.0000000000000000     
 -0.79666666666666874        1.1125888617495603        6.2500000000000000E-002   1.1681381208669834E-010   1.8690209933871734E-009   6.2499999885268567E-002   0.0000000000000000        0.0000000000000000     
 -0.79333333333333544        1.1065492548149320        6.2500000000000000E-002   1.1645390867714401E-010   1.8632625388343042E-009   6.2499999885747011E-002   0.0000000000000000        0.0000000000000000     
 -0.79000000000000214        1.1006139917339299        6.2500000000000000E-002   1.1608843528041307E-010   1.8574149644866091E-009   6.2499999886232803E-002   0.0000000000000000        0.0000000000000000     
 -0.78666666666666885        1.0947886528404267        6.2500000000000000E-002   1.1571741680932712E-010   1.8514786689492339E-009   6.2499999886723841E-002   0.0000000000000000        0.0000000000000000     
 -0.78333333333333555        1.0890791460457239        6.2500000000000000E-002   1.1534087894885340E-010   1.8454540631816544E-009   6.2499999887221720E-002   0.0000000000000000        0.0000000000000000     
 -0.78000000000000225        1.0834917259490009        6.2500000000000000E-002   1.1495884815588636E-010   1.8393415704941818E-009   6.2499999887725560E-002   0.0000000000000000        0.0000000000000000     
 -0.77666666666666895        1.0780330139406507        6.2500000000000000E-002   1.1457135165890257E-010   1.8331416265424410E-009   6.2499999888234709E-002   0.0000000000000000        0.0000000000000000     
 -0.77333333333333565        1.0727100193133787        6.2500000000000000E-002   1.1417841745748873E-010   1.8268546793198196E-009   6.2499999888751157E-002   0.0000000000000000        0.0000000000000000     
 -0.77000000000000235        1.0675301613877055        6.2500000000000000E-002   1.1378007432173864E-010   1.8204811891478183E-009   6.2499999889271157E-002   0.0000000000000000        0.0000000000000000     
 -0.76666666666666905        1.0625012926478761        6.2500000000000000E-002   1.1337635179152372E-010   1.8140216286643795E-009   6.2499999889797812E-002   0.0000000000000000        0.0000000000000000     
 -0.76333333333333575        1.0576317228700531        6.2500000000000000E-002   1.1296728017563108E-010   1.8074764828100972E-009   6.2499999890329477E-002   0.0000000000000000        0.0000000000000000     
 -0.76000000000000245        1.0529302442088933        6.2500000000000000E-002   1.1255289055077458E-010   1.8008462488123933E-009   6.2499999890866416E-002   0.0000000000000000        0.0000000000000000     
 -0.75666666666666915        1.0484061571876659        6.2500000000000000E-002   1.1213321476047250E-010   1.7941314361675600E-009   6.2499999891408808E-002   0.0000000000000000        0.0000000000000000     
 -0.75333333333333585        1.0440692975125341        6.2500000000000000E-002   1.1170828541379698E-010   1.7873325666207517E-009   6.2499999891956037E-002   0.0000000000000000        0.0000000000000000     
 -0.75000000000000255        1.0399300636020794        6.2500000000000000E-002   1.1127813588398979E-010   1.7804501741438367E-009   6.2499999892508380E-002   0.0000000000000000        0.0000000000000000     
 -0.74666666666666925        1.0359994446873393        6.2500000000000000E-002   1.1084280030694734E-010   1.7734848049111575E-009   6.2499999893065976E-002   0.0000000000000000        0.0000000000000000     
 -0.74333333333333595        1.0322890492952776        6.2500000000000000E-002   1.1040231357957508E-010   1.7664370172732013E-009   6.2499999893626881E-002   0.0000000000000000        0.0000000000000000     
 -0.74000000000000266        1.0288111338789163        6.2500000000000000E-002   1.0995671135800662E-010   1.7593073817281059E-009   6.2499999894194663E-002   0.0000000000000000        0.0000000000000000     
 -0.73666666666666936        1.0255786312980124        6.2500000000000000E-002   1.0950603005569305E-010   1.7520964808910888E-009   6.2499999894765304E-002   0.0000000000000000        0.0000000000000000     
 -0.73333333333333606        1.0226051787862780        6.2500000000000000E-002   1.0905030684135870E-010   1.7448049094617393E-009   6.2499999895341038E-002   0.0000000000000000        0.0000000000000000     
 -0.73000000000000276        1.0199051449609737        6.2500000000000000E-002   1.0858957963682039E-010   1.7374332741891263E-009   6.2499999895920227E-002   0.0000000000000000        0.0000000000000000     
 -0.72666666666666946        1.0174936553399732        6.2500000000000000E-002   1.0812388711468059E-010   1.7299821938348894E-009   6.2499999896502817E-002   0.0000000000000000        0.0000000000000000     
 -0.72333333333333616        1.0153866157264182        6.2500000000000000E-002   1.0765326869587798E-010   1.7224522991340477E-009   6.2499999897090756E-002   0.0000000000000000        0.0000000000000000     
 -0.72000000000000286        1.0136007327036951        6.2500000000000000E-002   1.0717776454711378E-010   1.7148442327538204E-009   6.2499999897681541E-002   0.0000000000000000        0.0000000000000000     
 -0.71666666666666956        1.0121535303512834        6.2500000000000000E-002   1.0669741557813526E-010   1.7071586492501642E-009   6.2499999898276842E-002   0.0000000000000000        0.0000000000000000     
 -0.71333333333333626        1.0110633621462410        6.2500000000000000E-002   1.0621226343889228E-010   1.6993962150222765E-009   6.2499999898876335E-002   0.0000000000000000        0.0000000000000000     
 -0.71000000000000296        1.0103494168563896        6.2500000000000000E-002   1.0572235051655674E-010   1.6915576082649078E-009   6.2499999899477521E-002   0.0000000000000000        0.0000000000000000     
 -0.70666666666666966        1.0100317170615345        6.2500000000000000E-002   1.0522771993240777E-010   1.6836435189185244E-009   6.2499999900083578E-002   0.0000000000000000        0.0000000000000000     
 -0.70333333333333636        1.0101311087609715        6.2500000000000000E-002   1.0472841553858347E-010   1.6756546486173355E-009   6.2499999900691619E-002   0.0000000000000000        0.0000000000000000     
 -0.70000000000000306        1.0106692403455626        6.2500000000000000E-002   1.0422448191469934E-010   1.6675917106351895E-009   6.2499999901302519E-002   0.0000000000000000        0.0000000000000000     
 -0.69666666666666976        1.0116685290355307        6.2500000000000000E-002   1.0371596436433244E-010   1.6594554298293190E-009   6.2499999901917194E-002   0.0000000000000000        0.0000000000000000     
 -0.69333333333333647        1.0131521127229004        6.2500000000000000E-002   1.0320290891136841E-010   1.6512465425818945E-009   6.2499999902534298E-002   0.0000000000000000        0.0000000000000000     
 -0.69000000000000317        1.0151437850208642        6.2500000000000000E-002   1.0268536229622114E-010   1.6429657967395382E-009   6.2499999903154371E-002   0.0000000000000000        0.0000000000000000     
 -0.68666666666666987        1.0176679112278733        6.2500000000000000E-002   1.0216337197191228E-010   1.6346139515505964E-009   6.2499999903775805E-002   0.0000000000000000        0.0000000000000000     
 -0.68333333333333657        1.0207493228812368        6.2500000000000000E-002   1.0163698610002045E-010   1.6261917776003271E-009   6.2499999904401693E-002   0.0000000000000000        0.0000000000000000     
 -0.68000000000000327        1.0244131886248078        6.2500000000000000E-002   1.0110625354649552E-010   1.6177000567439284E-009   6.2499999905029024E-002   0.0000000000000000        0.0000000000000000     
 -0.67666666666666997        1.0286848592750863        6.2500000000000000E-002   1.0057122387734317E-010   1.6091395820374907E-009   6.2499999905657744E-002   0.0000000000000000        0.0000000000000000     
 -0.67333333333333667        1.0335896852637398        6.2500000000000000E-002   1.0003194735416992E-010   1.6005111576667188E-009   6.2499999906289017E-002   0.0000000000000000        0.0000000000000000     
 -0.67000000000000337        1.0391528050917285        6.2500000000000000E-002   9.9488474929601775E-011   1.5918155988736284E-009   6.2499999906920956E-002   0.0000000000000000        0.0000000000000000     
 -0.66666666666667007        1.0453989040733538        6.2500000000000000E-002   9.8940858242567510E-011   1.5830537318810802E-009   6.2499999907557301E-002   0.0000000000000000        0.0000000000000000     
 -0.66333333333333677        1.0523519434959876        6.2500000000000000E-002   9.8389149613449526E-011   1.5742263938151924E-009   6.2499999908193750E-002   0.0000000000000000        0.0000000000000000     
 -0.66000000000000347        1.0600348613833936        6.2500000000000000E-002   9.7833402039103334E-011   1.5653344326256533E-009   6.2499999908832600E-002   0.0000000000000000        0.0000000000000000     
 -0.65666666666667017        1.0684692473181669        6.2500000000000000E-002   9.7273669187747066E-011   1.5563787070039531E-009   6.2499999909471846E-002   0.0000000000000000        0.0000000000000000     
 -0.65333333333333687        1.0776749952312012        6.2500000000000000E-002   9.6710005393717232E-011   1.5473600862994757E-009   6.2499999910113083E-002   0.0000000000000000        0.0000000000000000     
 -0.65000000000000357        1.0876699396519383        6.2500000000000000E-002   9.6142465652096797E-011   1.5382794504335487E-009   6.2499999910756152E-002   0.0000000000000000        0.0000000000000000     
 -0.64666666666667028        1.0984694825619399        6.2500000000000000E-002   9.5571105613210285E-011   1.5291376898113646E-009   6.2499999911400095E-002   0.0000000000000000        0.0000000000000000     
 -0.64333333333333698        1.1100862196065500        6.2500000000000000E-002   9.4995981576992102E-011   1.5199357052318736E-009   6.2499999912044704E-002   0.0000000000000000        0.0000000000000000     
 -0.64000000000000368        1.1225295758736500        6.2500000000000000E-002   9.4417150487222866E-011   1.5106744077955659E-009   6.2499999912690653E-002   0.0000000000000000        0.0000000000000000     
 -0.63666666666667038        1.1358054626106084        6.2500000000000000E-002   9.3834669925639961E-011   1.5013547188102394E-009   6.2499999913336546E-002   0.0000000000000000        0.0000000000000000     
 -0.63333333333333708        1.1499159669781482        6.2500000000000000E-002   9.3248598105917394E-011   1.4919775696946783E-009   6.2499999913984652E-002   0.0000000000000000        0.0000000000000000     
 -0.63000000000000378        1.1648590871056106        6.2500000000000000E-002   9.2658993867520944E-011   1.4825439018803351E-009   6.2499999914632502E-002   0.0000000000000000        0.0000000000000000     
 -0.62666666666667048        1.1806285242140317        6.2500000000000000E-002   9.2065916669434109E-011   1.4730546667109457E-009   6.2499999915280990E-002   0.0000000000000000        0.0000000000000000     
 -0.62333333333333718        1.1972135423539054        6.2500000000000000E-002   9.1469426583759091E-011   1.4635108253401455E-009   6.2499999915931033E-002   0.0000000000000000        0.0000000000000000     
 -0.62000000000000388        1.2145989043663803        6.2500000000000000E-002   9.0869584289192912E-011   1.4539133486270866E-009   6.2499999916579910E-002   0.0000000000000000        0.0000000000000000     
 -0.61666666666667058        1.2327648900875605        6.2500000000000000E-002   9.0266451064378603E-011   1.4442632170300576E-009   6.2499999917229751E-002   0.0000000000000000        0.0000000000000000     
 -0.61333333333333728        1.2516873997114801        6.2500000000000000E-002   8.9660088781129726E-011   1.4345614204980756E-009   6.2499999917880904E-002   0.0000000000000000        0.0000000000000000     
 -0.61000000000000398        1.2713381418028520        6.2500000000000000E-002   8.9050559897537712E-011   1.4248089583606034E-009   6.2499999918531314E-002   0.0000000000000000        0.0000000000000000     
 -0.60666666666667068        1.2916849019401011        6.2500000000000000E-002   8.8437927450949278E-011   1.4150068392151885E-009   6.2499999919181828E-002   0.0000000000000000        0.0000000000000000     
 -0.60333333333333738        1.3126918846251565        6.2500000000000000E-002   8.7822255050830058E-011   1.4051560808132809E-009   6.2499999919832662E-002   0.0000000000000000        0.0000000000000000     
 -0.60000000000000409        1.3343201181583733        6.2500000000000000E-002   8.7203606871499936E-011   1.3952577099439990E-009   6.2499999920483988E-002   0.0000000000000000        0.0000000000000000     
 -0.59666666666667079        1.3565279098499450        6.2500000000000000E-002   8.6582047644756267E-011   1.3853127623161003E-009   6.2499999921134475E-002   0.0000000000000000        0.0000000000000000     
 -0.59333333333333749        1.3792713373657250        6.2500000000000000E-002   8.5957642652370752E-011   1.3753222824379320E-009   6.2499999921784365E-002   0.0000000000000000        0.0000000000000000     
 -0.59000000000000419        1.4025047612596797        6.2500000000000000E-002   8.5330457718474401E-011   1.3652873234955904E-009   6.2499999922434477E-002   0.0000000000000000        0.0000000000000000     
 -0.58666666666667089        1.4261813438239039        6.2500000000000000E-002   8.4700559201822656E-011   1.3552089472291625E-009   6.2499999923084255E-002   0.0000000000000000        0.0000000000000000     
 -0.58333333333333759        1.4502535602189972        6.2500000000000000E-002   8.4068013987944674E-011   1.3450882238071148E-009   6.2499999923734527E-002   0.0000000000000000        0.0000000000000000     
 -0.58000000000000429        1.4746736893062722        6.2500000000000000E-002   8.3432889481178003E-011   1.3349262316988481E-009   6.2499999924383751E-002   0.0000000000000000        0.0000000000000000     
 -0.57666666666667099        1.4993942735255112        6.2500000000000000E-002   8.2795253596590479E-011   1.3247240575454477E-009   6.2499999925031406E-002   0.0000000000000000        0.0000000000000000     
 -0.57333333333333769        1.5243685393731847        6.2500000000000000E-002   8.2155174751787194E-011   1.3144827960285951E-009   6.2499999925680137E-002   0.0000000000000000        0.0000000000000000     
 -0.57000000000000439        1.5495507723583315        6.2500000000000000E-002   8.1512721858607956E-011   1.3042035497377273E-009   6.2499999926327245E-002   0.0000000000000000        0.0000000000000000     
 -0.56666666666667109        1.5748966425964683        6.2500000000000000E-002   8.0867964314713545E-011   1.2938874290354167E-009   6.2499999926973894E-002   0.0000000000000000        0.0000000000000000     
 -0.56333333333333779        1.6003634793162604        6.2500000000000000E-002   8.0220971995060724E-011   1.2835355519209716E-009   6.2499999927619537E-002   0.0000000000000000        0.0000000000000000     
 -0.56000000000000449        1.6259104944145870        6.2500000000000000E-002   7.9571815243272407E-011   1.2731490438923585E-009   6.2499999928263904E-002   0.0000000000000000        0.0000000000000000     
 -0.55666666666667119        1.6514989567413898        6.2500000000000000E-002   7.8920564862899073E-011   1.2627290378063852E-009   6.2499999928908652E-002   0.0000000000000000        0.0000000000000000     
 -0.55333333333333790        1.6770923200096219        6.2500000000000000E-002   7.8267292108573794E-011   1.2522766737371807E-009   6.2499999929550465E-002   0.0000000000000000        0.0000000000000000     
 -0.55000000000000460        1.7026563081064792        6.2500000000000000E-002   7.7612068677064763E-011   1.2417930988330362E-009   6.2499999930193027E-002   0.0000000000000000        0.0000000000000000     
 -0.54666666666667130        1.7281589621567606        6.2500000000000000E-002   7.6954966698223091E-011   1.2312794671715695E-009   6.2499999930832995E-002   0.0000000000000000        0.0000000000000000     
 -0.54333333333333800        1.7535706539927618        6.2500000000000000E-002   7.6296058725829154E-011   1.2207369396132665E-009   6.2499999931472906E-002   0.0000000000000000        0.0000000000000000     
 -0.54000000000000470        1.7788640707635339        6.2500000000000000E-002   7.5635417728339516E-011   1.2101666836534323E-009   6.2499999932111180E-002   0.0000000000000000        0.0000000000000000     
 -0.53666666666667140        1.8040141753138954        6.2500000000000000E-002   7.4973117079534033E-011   1.1995698732725445E-009   6.2499999932748643E-002   0.0000000000000000        0.0000000000000000     
 -0.53333333333333810        1.8289981467279846        6.2500000000000000E-002   7.4309230549064675E-011   1.1889476887850348E-009   6.2499999933384370E-002   0.0000000000000000        0.0000000000000000     
 -0.53000000000000480        1.8537953051025471        6.2500000000000000E-002   7.3643832292908887E-011   1.1783013166865422E-009   6.2499999934019425E-002   0.0000000000000000        0.0000000000000000     
 -0.52666666666667150        1.8783870242270819        6.2500000000000000E-002   7.2976996843728827E-011   1.1676319494996612E-009   6.2499999934652287E-002   0.0000000000000000        0.0000000000000000     
 -0.52333333333333820        1.9027566354309693        6.2500000000000000E-002   7.2308799101135501E-011   1.1569407856181680E-009   6.2499999935284697E-002   0.0000000000000000        0.0000000000000000     
 -0.52000000000000490        1.9268893254349655        6.2500000000000000E-002   7.1639314321863100E-011   1.1462290291498096E-009   6.2499999935914950E-002   0.0000000000000000        0.0000000000000000     
 -0.51666666666667160        1.9507720306323209        6.2500000000000000E-002   7.0968618109851542E-011   1.1354978897576247E-009   6.2499999936544114E-002   0.0000000000000000        0.0000000000000000     
 -0.51333333333333830        1.9743933298352103        6.2500000000000000E-002   7.0296786406240340E-011   1.1247485824998454E-009   6.2499999937171369E-002   0.0000000000000000        0.0000000000000000     
 -0.51000000000000500        1.9977433371653672        6.2500000000000000E-002   6.9623895479277811E-011   1.1139823276684450E-009   6.2499999937797576E-002   0.0000000000000000        0.0000000000000000     
 -0.50666666666667171        2.0208135964438885        6.2500000000000000E-002   6.8950021914140156E-011   1.1032003506262425E-009   6.2499999938422618E-002   0.0000000000000000        0.0000000000000000     
 -0.50333333333333841        2.0435969781505601        6.2500000000000000E-002   6.8275242602670975E-011   1.0924038816427356E-009   6.2499999939045064E-002   0.0000000000000000        0.0000000000000000     
 -0.50000000000000511        2.0660875797739955        6.2500000000000000E-002   6.7599634733036718E-011   1.0815941557285875E-009   6.2499999939666470E-002   0.0000000000000000        0.0000000000000000     
 -0.49666666666667175        2.0882806301614014        6.2500000000000000E-002   6.6923275779299764E-011   1.0707724124687962E-009   6.2499999940287092E-002   0.0000000000000000        0.0000000000000000     
 -0.49333333333333840        2.1101723982958069        6.2500000000000000E-002   6.6246243490916778E-011   1.0599398958546685E-009   6.2499999940905188E-002   0.0000000000000000        0.0000000000000000     
 -0.49000000000000504        2.1317601067792844        6.2500000000000000E-002   6.5568615882155613E-011   1.0490978541144898E-009   6.2499999941522243E-002   0.0000000000000000        0.0000000000000000     
 -0.48666666666667169        2.1530418501768991        6.2500000000000000E-002   6.4890471221438682E-011   1.0382475395430189E-009   6.2499999942137813E-002   0.0000000000000000        0.0000000000000000     
 -0.48333333333333833        2.1740165182765692        6.2500000000000000E-002   6.4211888020613090E-011   1.0273902083298094E-009   6.2499999942751197E-002   0.0000000000000000        0.0000000000000000     
 -0.48000000000000498        2.1946837242402992        6.2500000000000000E-002   6.3532945024147198E-011   1.0165271203863552E-009   6.2499999943363221E-002   0.0000000000000000        0.0000000000000000     
 -0.47666666666667162        2.2150437375607859        6.2500000000000000E-002   6.2853721198257697E-011   1.0056595391721231E-009   6.2499999943973414E-002   0.0000000000000000        0.0000000000000000     
 -0.47333333333333827        2.2350974216897961        6.2500000000000000E-002   6.2174295719969909E-011   9.9478873151951855E-010   6.2499999944581740E-002   0.0000000000000000        0.0000000000000000     
 -0.47000000000000491        2.2548461761698957        6.2500000000000000E-002   6.1494747966107838E-011   9.8391596745772541E-010   6.2499999945188851E-002   0.0000000000000000        0.0000000000000000     
 -0.46666666666667156        2.2742918830765761        6.2500000000000000E-002   6.0815157502223206E-011   9.7304252003557129E-010   6.2499999945793666E-002   0.0000000000000000        0.0000000000000000     
 -0.46333333333333820        2.2934368575613049        6.2500000000000000E-002   6.0135604071460011E-011   9.6216966514336018E-010   6.2499999946397308E-002   0.0000000000000000        0.0000000000000000     
 -0.46000000000000485        2.3122838022764411        6.2500000000000000E-002   5.9456167583357726E-011   9.5129868133372361E-010   6.2499999946999049E-002   0.0000000000000000        0.0000000000000000     
 -0.45666666666667149        2.3308357654585024        6.2500000000000000E-002   5.8776928102596168E-011   9.4043084964153869E-010   6.2499999947599021E-002   0.0000000000000000        0.0000000000000000     
 -0.45333333333333814        2.3490961024465666        6.2500000000000000E-002   5.8097965837683557E-011   9.2956745340293692E-010   6.2499999948196348E-002   0.0000000000000000        0.0000000000000000     
 -0.45000000000000479        2.3670684404151938        6.2500000000000000E-002   5.7419361129588215E-011   9.1870977807341144E-010   6.2499999948792614E-002   0.0000000000000000        0.0000000000000000     
 -0.44666666666667143        2.3847566461076521        6.2500000000000000E-002   5.6741194440318600E-011   9.0785911104509759E-010   6.2499999949386903E-002   0.0000000000000000        0.0000000000000000     
 -0.44333333333333808        2.4021647963617068        6.2500000000000000E-002   5.6063546341450369E-011   8.9701674146320591E-010   6.2499999949979373E-002   0.0000000000000000        0.0000000000000000     
 -0.44000000000000472        2.4192971512298747        6.2500000000000000E-002   5.5386497502605942E-011   8.8618396004169507E-010   6.2499999950569568E-002   0.0000000000000000        0.0000000000000000     
 -0.43666666666667137        2.4361581295049795        6.2500000000000000E-002   5.4710128679885201E-011   8.7536205887816322E-010   6.2499999951157903E-002   0.0000000000000000        0.0000000000000000     
 -0.43333333333333801        2.4527522864721281        6.2500000000000000E-002   5.4034520704252499E-011   8.6455233126803998E-010   6.2499999951744357E-002   0.0000000000000000        0.0000000000000000     
 -0.43000000000000466        2.4690842937185562        6.2500000000000000E-002   5.3359754469879137E-011   8.5375607151806618E-010   6.2499999952328730E-002   0.0000000000000000        0.0000000000000000     
 -0.42666666666667130        2.4851589208429594        6.2500000000000000E-002   5.2685910922445355E-011   8.4297457475912567E-010   6.2499999952910723E-002   0.0000000000000000        0.0000000000000000     
 -0.42333333333333795        2.5009810189163710        6.2500000000000000E-002   5.2013071047403574E-011   8.3220913675845719E-010   6.2499999953490350E-002   0.0000000000000000        0.0000000000000000     
 -0.42000000000000459        2.5165555055562727        6.2500000000000000E-002   5.1341315858204296E-011   8.2146105373126874E-010   6.2499999954067860E-002   0.0000000000000000        0.0000000000000000     
 -0.41666666666667124        2.5318873514855951        6.2500000000000000E-002   5.0670726384486768E-011   8.1073162215178828E-010   6.2499999954644031E-002   0.0000000000000000        0.0000000000000000     
 -0.41333333333333788        2.5469815684571739        6.2500000000000000E-002   5.0001383660237224E-011   8.0002213856379558E-010   6.2499999955216559E-002   0.0000000000000000        0.0000000000000000     
 -0.41000000000000453        2.5618431984329906        6.2500000000000000E-002   4.9333368711917019E-011   7.8933389939067230E-010   6.2499999955788060E-002   0.0000000000000000        0.0000000000000000     
 -0.40666666666667117        2.5764773039163553        6.2500000000000000E-002   4.8666762546560995E-011   7.7866820074497593E-010   6.2499999956356016E-002   0.0000000000000000        0.0000000000000000     
 -0.40333333333333782        2.5908889593421049        6.2500000000000000E-002   4.8001646139850828E-011   7.6802633823761324E-010   6.2499999956922236E-002   0.0000000000000000        0.0000000000000000     
 -0.40000000000000446        2.6050832434382079        6.2500000000000000E-002   4.7338100424162841E-011   7.5740960678660546E-010   6.2499999957485633E-002   0.0000000000000000        0.0000000000000000     
 -0.39666666666667111        2.6190652324784467        6.2500000000000000E-002   4.6676206276595020E-011   7.4681930042552031E-010   6.2499999958046580E-002   0.0000000000000000        0.0000000000000000     
 -0.39333333333333775        2.6328399943524450        6.2500000000000000E-002   4.6016044506972901E-011   7.3625671211156641E-010   6.2499999958604772E-002   0.0000000000000000        0.0000000000000000     
 -0.39000000000000440        2.6464125833854979        6.2500000000000000E-002   4.5357695845838963E-011   7.2572313353342341E-010   6.2499999959160765E-002   0.0000000000000000        0.0000000000000000     
 -0.38666666666667104        2.6597880358459864        6.2500000000000000E-002   4.4701240932425519E-011   7.1521985491880831E-010   6.2499999959713545E-002   0.0000000000000000        0.0000000000000000     
 -0.38333333333333769        2.6729713660834795        6.2500000000000000E-002   4.4046760302614608E-011   7.0474816484183373E-010   6.2499999960263633E-002   0.0000000000000000        0.0000000000000000     
 -0.38000000000000433        2.6859675632455877        6.2500000000000000E-002   4.3394334376887287E-011   6.9430935003019659E-010   6.2499999960811209E-002   0.0000000000000000        0.0000000000000000     
 -0.37666666666667098        2.6987815885256312        6.2500000000000000E-002   4.2744043448263592E-011   6.8390469517221747E-010   6.2499999961355336E-002   0.0000000000000000        0.0000000000000000     
 -0.37333333333333762        2.7114183728980028        6.2500000000000000E-002   4.2095967670235609E-011   6.7353548272376975E-010   6.2499999961897701E-002   0.0000000000000000        0.0000000000000000     
 -0.37000000000000427        2.7238828153012702        6.2500000000000000E-002   4.1450187044696428E-011   6.6320299271514284E-010   6.2499999962435715E-002   0.0000000000000000        0.0000000000000000     
 -0.36666666666667092        2.7361797812330111        6.2500000000000000E-002   4.0806781409867369E-011   6.5290850255787790E-010   6.2499999962970842E-002   0.0000000000000000        0.0000000000000000     
 -0.36333333333333756        2.7483141017236039        6.2500000000000000E-002   4.0165830428224216E-011   6.4265328685158745E-010   6.2499999963503125E-002   0.0000000000000000        0.0000000000000000     
 -0.36000000000000421        2.7602905726589460        6.2500000000000000E-002   3.9527413574426966E-011   6.3243861719083146E-010   6.2499999964032292E-002   0.0000000000000000        0.0000000000000000     
 -0.35666666666667085        2.7721139544253446        6.2500000000000000E-002   3.8891610123253026E-011   6.2226576197204841E-010   6.2499999964558170E-002   0.0000000000000000        0.0000000000000000     
 -0.35333333333333750        2.7837889718519508        6.2500000000000000E-002   3.8258499137538240E-011   6.1213598620061184E-010   6.2499999965080745E-002   0.0000000000000000        0.0000000000000000     
 -0.35000000000000414        2.7953203144288401        6.2500000000000000E-002   3.7628159456126267E-011   6.0205055129802027E-010   6.2499999965600149E-002   0.0000000000000000        0.0000000000000000     
 -0.34666666666667079        2.8067126367809530        6.2500000000000000E-002   3.7000669681829508E-011   5.9201071490927213E-010   6.2499999966115341E-002   0.0000000000000000        0.0000000000000000     
 -0.34333333333333743        2.8179705593801265        6.2500000000000000E-002   3.6376108169404092E-011   5.8201773071046547E-010   6.2499999966627633E-002   0.0000000000000000        0.0000000000000000     
 -0.34000000000000408        2.8290986694795639        6.2500000000000000E-002   3.5754553013540408E-011   5.7207284821664652E-010   6.2499999967136170E-002   0.0000000000000000        0.0000000000000000     
 -0.33666666666667072        2.8401015222566035        6.2500000000000000E-002   3.5136082036871583E-011   5.6217731258994533E-010   6.2499999967640739E-002   0.0000000000000000        0.0000000000000000     
 -0.33333333333333737        2.8509836421515908        6.2500000000000000E-002   3.4520772778002729E-011   5.5233236444804366E-010   6.2499999968142497E-002   0.0000000000000000        0.0000000000000000     
 -0.33000000000000401        2.8617495243921862        6.2500000000000000E-002   3.3908702479563191E-011   5.4253923967301105E-010   6.2499999968639405E-002   0.0000000000000000        0.0000000000000000     
 -0.32666666666667066        2.8724036366936003        6.2500000000000000E-002   3.3299948076282984E-011   5.3279916922052774E-010   6.2499999969133621E-002   0.0000000000000000        0.0000000000000000     
 -0.32333333333333730        2.8829504211272590        6.2500000000000000E-002   3.2694586183097530E-011   5.2311337892956049E-010   6.2499999969623299E-002   0.0000000000000000        0.0000000000000000     
 -0.32000000000000395        2.8933942961509360        6.2500000000000000E-002   3.2092693083280912E-011   5.1348308933249459E-010   6.2499999970109285E-002   0.0000000000000000        0.0000000000000000     
 -0.31666666666667059        2.9037396587954372        6.2500000000000000E-002   3.1494344716611922E-011   5.0390951546579076E-010   6.2499999970590685E-002   0.0000000000000000        0.0000000000000000     
 -0.31333333333333724        2.9139908870033984        6.2500000000000000E-002   3.0899616667573311E-011   4.9439386668117298E-010   6.2499999971067872E-002   0.0000000000000000        0.0000000000000000     
 -0.31000000000000388        2.9241523421174094        6.2500000000000000E-002   3.0308584153588292E-011   4.8493734645741267E-010   6.2499999971541806E-002   0.0000000000000000        0.0000000000000000     
 -0.30666666666667053        2.9342283715155775        6.2500000000000000E-002   2.9721322013294895E-011   4.7554115221271832E-010   6.2499999972011666E-002   0.0000000000000000        0.0000000000000000     
 -0.30333333333333717        2.9442233113935719        6.2500000000000000E-002   2.9137904694861552E-011   4.6620647511778483E-010   6.2499999972475906E-002   0.0000000000000000        0.0000000000000000     
 -0.30000000000000382        2.9541414896934763        6.2500000000000000E-002   2.8558406244346042E-011   4.5693449990953666E-010   6.2499999972936739E-002   0.0000000000000000        0.0000000000000000     
 -0.29666666666667046        2.9639872291808018        6.2500000000000000E-002   2.7982900294099669E-011   4.4772640470559471E-010   6.2499999973392867E-002   0.0000000000000000        0.0000000000000000     
 -0.29333333333333711        2.9737648506715773        6.2500000000000000E-002   2.7411460051218831E-011   4.3858336081950130E-010   6.2499999973844436E-002   0.0000000000000000        0.0000000000000000     
 -0.29000000000000375        2.9834786764131334        6.2500000000000000E-002   2.6844158286046743E-011   4.2950653257674790E-010   6.2499999974292099E-002   0.0000000000000000        0.0000000000000000     
 -0.28666666666667040        2.9931330336225335        6.2500000000000000E-002   2.6281067320727573E-011   4.2049707713164118E-010   6.2499999974734419E-002   0.0000000000000000        0.0000000000000000     
 -0.28333333333333705        3.0027322581880376        6.2500000000000000E-002   2.5722259017814276E-011   4.1155614428502842E-010   6.2499999975173109E-002   0.0000000000000000        0.0000000000000000     
 -0.28000000000000369        3.0122806985398678        6.2500000000000000E-002   2.5167804768933783E-011   4.0268487630294052E-010   6.2499999975606312E-002   0.0000000000000000        0.0000000000000000     
 -0.27666666666667034        3.0217827196974398        6.2500000000000000E-002   2.4617775483510245E-011   3.9388440773616392E-010   6.2499999976035024E-002   0.0000000000000000        0.0000000000000000     
 -0.27333333333333698        3.0312427075015758        6.2500000000000000E-002   2.4072241577550033E-011   3.8515586524080052E-010   6.2499999976459088E-002   0.0000000000000000        0.0000000000000000     
 -0.27000000000000363        3.0406650730410409        6.2500000000000000E-002   2.3531272962489330E-011   3.7650036739982928E-010   6.2499999976877475E-002   0.0000000000000000        0.0000000000000000     
 -0.26666666666667027        3.0500542572839633        6.2500000000000000E-002   2.2994939034107359E-011   3.6791902454571774E-010   6.2499999977292116E-002   0.0000000000000000        0.0000000000000000     
 -0.26333333333333692        3.0594147359259942        6.2500000000000000E-002   2.2463308661507444E-011   3.5941293858411910E-010   6.2499999977700643E-002   0.0000000000000000        0.0000000000000000     
 -0.26000000000000356        3.0687510244679030        6.2500000000000000E-002   2.1936450176167592E-011   3.5098320281868147E-010   6.2499999978105916E-002   0.0000000000000000        0.0000000000000000     
 -0.25666666666667021        3.0780676835371841        6.2500000000000000E-002   2.1414431361062818E-011   3.4263090177700508E-010   6.2499999978503640E-002   0.0000000000000000        0.0000000000000000     
 -0.25333333333333685        3.0873693244687037        6.2500000000000000E-002   2.0897319439861773E-011   3.3435711103778837E-010   6.2499999978898241E-002   0.0000000000000000        0.0000000000000000     
 -0.25000000000000350        3.0966606151618059        6.2500000000000000E-002   2.0385181066199743E-011   3.2616289705919589E-010   6.2499999979286666E-002   0.0000000000000000        0.0000000000000000     
 -0.24666666666667017        3.1059462862317258        6.2500000000000000E-002   1.9878082313029443E-011   3.1804931700847109E-010   6.2499999979671164E-002   0.0000000000000000        0.0000000000000000     
 -0.24333333333333684        3.1152311374754960        6.2500000000000000E-002   1.9376088662052785E-011   3.1001741859284456E-010   6.2499999980049063E-002   0.0000000000000000        0.0000000000000000     
 -0.24000000000000352        3.1245200446733770        6.2500000000000000E-002   1.8879264993235042E-011   3.0206823989176067E-010   6.2499999980421765E-002   0.0000000000000000        0.0000000000000000     
 -0.23666666666667019        3.1338179667490129        6.2500000000000000E-002   1.8387675574403093E-011   2.9420280919044948E-010   6.2499999980790512E-002   0.0000000000000000        0.0000000000000000     
 -0.23333333333333686        3.1431299533128247        6.2500000000000000E-002   1.7901384050931260E-011   2.8642214481490016E-010   6.2499999981152653E-002   0.0000000000000000        0.0000000000000000     
 -0.23000000000000353        3.1524611526147970        6.2500000000000000E-002   1.7420453435515329E-011   2.7872725496824526E-010   6.2499999981509499E-002   0.0000000000000000        0.0000000000000000     
 -0.22666666666667021        3.1618168199348107        6.2500000000000000E-002   1.6944946098037279E-011   2.7111913756859646E-010   6.2499999981862106E-002   0.0000000000000000        0.0000000000000000     
 -0.22333333333333688        3.1712023264400346        6.2500000000000000E-002   1.6474923755523256E-011   2.6359878008837209E-010   6.2499999982208641E-002   0.0000000000000000        0.0000000000000000     
 -0.22000000000000355        3.1806231685406168        6.2500000000000000E-002   1.6010447462195912E-011   2.5616715939513459E-010   6.2499999982549369E-002   0.0000000000000000        0.0000000000000000     
 -0.21666666666667023        3.1900849777764630        6.2500000000000000E-002   1.5551577599623733E-011   2.4882524159397973E-010   6.2499999982884899E-002   0.0000000000000000        0.0000000000000000     
 -0.21333333333333690        3.1995935312692332        6.2500000000000000E-002   1.5098373866969311E-011   2.4157398187150898E-010   6.2499999983215385E-002   0.0000000000000000        0.0000000000000000     
 -0.21000000000000357        3.2091547627746473        6.2500000000000000E-002   1.4650895271338217E-011   2.3441432434141147E-010   6.2499999983540375E-002   0.0000000000000000        0.0000000000000000     
 -0.20666666666667025        3.2187747743709463        6.2500000000000000E-002   1.4209200118230153E-011   2.2734720189168245E-010   6.2499999983859661E-002   0.0000000000000000        0.0000000000000000     
 -0.20333333333333692        3.2284598488195324        6.2500000000000000E-002   1.3773346002095677E-011   2.2037353603353084E-010   6.2499999984174041E-002   0.0000000000000000        0.0000000000000000     
 -0.20000000000000359        3.2382164626329604        6.2500000000000000E-002   1.3343389796998173E-011   2.1349423675197076E-010   6.2499999984482461E-002   0.0000000000000000        0.0000000000000000     
 -0.19666666666667026        3.2480512998838491        6.2500000000000000E-002   1.2919387647385466E-011   2.0671020235816745E-010   6.2499999984784900E-002   0.0000000000000000        0.0000000000000000     
 -0.19333333333333694        3.2579712667852219        6.2500000000000000E-002   1.2501394958970502E-011   2.0002231934352803E-010   6.2499999985082273E-002   0.0000000000000000        0.0000000000000000     
 -0.19000000000000361        3.2679835070673331        6.2500000000000000E-002   1.2089466389724996E-011   1.9343146223559994E-010   6.2499999985375240E-002   0.0000000000000000        0.0000000000000000     
 -0.18666666666667028        3.2780954181688422        6.2500000000000000E-002   1.1683655840986553E-011   1.8693849345578485E-010   6.2499999985661803E-002   0.0000000000000000        0.0000000000000000     
 -0.18333333333333696        3.2883146682485633        6.2500000000000000E-002   1.1284016448681463E-011   1.8054426317890341E-010   6.2499999985943938E-002   0.0000000000000000        0.0000000000000000     
 -0.18000000000000363        3.2986492140088459        6.2500000000000000E-002   1.0890600574665214E-011   1.7424960919464342E-010   6.2499999986220196E-002   0.0000000000000000        0.0000000000000000     
 -0.17666666666667030        3.3091073192996099        6.2500000000000000E-002   1.0503459798181946E-011   1.6805535677091113E-010   6.2499999986492014E-002   0.0000000000000000        0.0000000000000000     
 -0.17333333333333698        3.3196975744424573        6.2500000000000000E-002   1.0122644907445008E-011   1.6196231851912013E-010   6.2499999986758398E-002   0.0000000000000000        0.0000000000000000     
 -0.17000000000000365        3.3304289161741663        6.2500000000000000E-002   9.7482058913402787E-012   1.5597129426144446E-010   6.2499999987020396E-002   0.0000000000000000        0.0000000000000000     
 -0.16666666666667032        3.3413106480544204        6.2500000000000000E-002   9.3801919312535494E-012   1.5008307090005679E-010   6.2499999987276546E-002   0.0000000000000000        0.0000000000000000     
 -0.16333333333333699        3.3523524611096476        6.2500000000000000E-002   9.0186513930242487E-012   1.4429842228838798E-010   6.2499999987528421E-002   0.0000000000000000        0.0000000000000000     
 -0.16000000000000367        3.3635644543874981        6.2500000000000000E-002   8.6636318190264984E-012   1.3861810910442397E-010   6.2499999987774460E-002   0.0000000000000000        0.0000000000000000     
 -0.15666666666667034        3.3749571549650939        6.2500000000000000E-002   8.3151799203797202E-012   1.3304287872607552E-010   6.2499999988017682E-002   0.0000000000000000        0.0000000000000000     
 -0.15333333333333701        3.3865415367795815        6.2500000000000000E-002   7.9733415692898060E-012   1.2757346510863690E-010   6.2499999988255957E-002   0.0000000000000000        0.0000000000000000     
 -0.15000000000000369        3.3983290374142507        6.2500000000000000E-002   7.6381617915229683E-012   1.2221058866436749E-010   6.2499999988490131E-002   0.0000000000000000        0.0000000000000000     
 -0.14666666666667036        3.4103315716585194        6.2500000000000000E-002   7.3096847590132693E-012   1.1695495614421231E-010   6.2499999988720037E-002   0.0000000000000000        0.0000000000000000     
 -0.14333333333333703        3.4225615402353515        6.2500000000000000E-002   6.9879537826058390E-012   1.1180726052169342E-010   6.2499999988946772E-002   0.0000000000000000        0.0000000000000000     
 -0.14000000000000370        3.4350318315162056        6.2500000000000000E-002   6.6730113049368389E-012   1.0676818087898942E-010   6.2499999989170135E-002   0.0000000000000000        0.0000000000000000     
 -0.13666666666667038        3.4477558132655002        6.2500000000000000E-002   6.3648988934518883E-012   1.0183838229523021E-010   6.2499999989390459E-002   0.0000000000000000        0.0000000000000000     
 -0.13333333333333705        3.4607473103961874        6.2500000000000000E-002   6.0636572335643777E-012   9.7018515737030043E-011   6.2499999989607286E-002   0.0000000000000000        0.0000000000000000     
 -0.13000000000000372        3.4740205632648022        6.2500000000000000E-002   5.7693261219548446E-012   9.2309217951277514E-011   6.2499999989821177E-002   0.0000000000000000        0.0000000000000000     
 -0.12666666666667040        3.4875901590309075        6.2500000000000000E-002   5.4819444600130824E-012   8.7711111360209319E-011   6.2499999990033570E-002   0.0000000000000000        0.0000000000000000     
 -0.12333333333333707        3.5014709258249619        6.2500000000000000E-002   5.2015502474241494E-012   8.3224803958786390E-011   6.2499999990244137E-002   0.0000000000000000        0.0000000000000000     
 -0.12000000000000374        3.5156777755793485        6.2500000000000000E-002   4.9281805758994596E-012   7.8850889214391354E-011   6.2499999990453331E-002   0.0000000000000000        0.0000000000000000     
 -0.11666666666667042        3.5302254758939395        6.2500000000000000E-002   4.6618716230547615E-012   7.4589945968876185E-011   6.2499999990662553E-002   0.0000000000000000        0.0000000000000000     
 -0.11333333333333709        3.5451283235044979        6.2500000000000000E-002   4.4026586464354814E-012   7.0442538342967703E-011   6.2499999990870081E-002   0.0000000000000000        0.0000000000000000     
 -0.11000000000000376        3.5603996807099971        6.2500000000000000E-002   4.1505759776915080E-012   6.6409215643064127E-011   6.2499999991078928E-002   0.0000000000000000        0.0000000000000000     
 -0.10666666666667043        3.5760513198269210        6.2500000000000000E-002   3.9056570169018053E-012   6.2490512270428885E-011   6.2499999991289176E-002   0.0000000000000000        0.0000000000000000     
 -0.10333333333333711        3.5920924967951247        6.2500000000000000E-002   3.6679342270507101E-012   5.8686947632811362E-011   6.2499999991500896E-002   0.0000000000000000        0.0000000000000000     
 -0.10000000000000378        3.6085286394044718        6.2500000000000000E-002   3.4374391286566067E-012   5.4999026058505707E-011   6.2499999991716099E-002   0.0000000000000000        0.0000000000000000     
  -9.6666666666670453E-002   3.6253594817554857        6.2500000000000000E-002   3.2142022945542244E-012   5.1427236712867591E-011   6.2499999991934757E-002   0.0000000000000000        0.0000000000000000     
  -9.3333333333337126E-002   3.6425763939442244        6.2500000000000000E-002   2.9982533448316701E-012   4.7972053517306722E-011   6.2499999992158078E-002   0.0000000000000000        0.0000000000000000     
  -9.0000000000003799E-002   3.6601585270225718        6.2500000000000000E-002   2.7896209419232144E-012   4.4633935070771430E-011   6.2499999992387492E-002   0.0000000000000000        0.0000000000000000     
  -8.6666666666670472E-002   3.6780671882475127        6.2500000000000000E-002   2.5883327858588245E-012   4.1413324573741192E-011   6.2499999992625906E-002   0.0000000000000000        0.0000000000000000     
  -8.3333333333337145E-002   3.6962375287571350        6.2500000000000000E-002   2.3944156096713486E-012   3.8310649754741577E-011   6.2499999992873173E-002   0.0000000000000000        0.0000000000000000     
  -8.0000000000003818E-002   3.7145660728699808        6.2500000000000000E-002   2.2078951749625603E-012   3.5326322799400965E-011   6.2499999993131827E-002   0.0000000000000000        0.0000000000000000     
  -7.6666666666670491E-002   3.7328916761073012        6.2500000000000000E-002   2.0287962676285871E-012   3.2460740282057394E-011   6.2499999993404338E-002   0.0000000000000000        0.0000000000000000     
  -7.3333333333337164E-002   3.7509658480283181        6.2500000000000000E-002   1.8571426937460168E-012   2.9714283099936269E-011   6.2499999993693024E-002   0.0000000000000000        0.0000000000000000     
  -7.0000000000003837E-002   3.7684053904928141        6.2500000000000000E-002   1.6929572756191594E-012   2.7087316409906550E-011   6.2499999994002853E-002   0.0000000000000000        0.0000000000000000     
  -6.6666666666670510E-002   3.7846147117826723        6.2500000000000000E-002   1.5362618479895832E-012   2.4580189567833331E-011   6.2499999994337072E-002   0.0000000000000000        0.0000000000000000     
  -6.3333333333337183E-002   3.7986542959610610        6.2500000000000000E-002   1.3870772544085183E-012   2.2193236070536292E-011   6.2499999994702377E-002   0.0000000000000000        0.0000000000000000     
  -6.0000000000003849E-002   3.8090097010815320        6.2500000000000000E-002   1.2454233437729394E-012   1.9926773500367030E-011   6.2499999995105401E-002   0.0000000000000000        0.0000000000000000     
  -5.6666666666670515E-002   3.8131684109517394        6.2500000000000000E-002   1.1113189670260552E-012   1.7781103472416883E-011   6.2499999995557373E-002   0.0000000000000000        0.0000000000000000     
  -5.3333333333337181E-002   3.8068067335100757        6.2500000000000000E-002   9.8478197402288028E-013   1.5756511584366084E-011   6.2499999996072537E-002   0.0000000000000000        0.0000000000000000     
  -5.0000000000003847E-002   3.7821429977940939        6.2500000000000000E-002   8.6582921056152335E-013   1.3853267368984374E-011   6.2499999996670219E-002   0.0000000000000000        0.0000000000000000     
  -4.6666666666670513E-002   3.7244215079772474        6.2500000000000000E-002   7.5447651558080838E-013   1.2071624249292934E-011   6.2499999997371922E-002   0.0000000000000000        0.0000000000000000     
  -4.3333333333337179E-002   3.6041235437325412        6.2500000000000000E-002   6.5073871852482550E-013   1.0411819496397208E-011   6.2499999998187297E-002   0.0000000000000000        0.0000000000000000     
  -4.0000000000003845E-002   3.3603495599168749        6.2500000000000000E-002   5.5462963687495390E-013   8.8740741899992624E-012   6.2499999999034980E-002   0.0000000000000000        0.0000000000000000     
  -3.6666666666670511E-002   2.8781328077896742        6.2500000000000000E-002   4.6616207384984210E-013   7.4585931815974737E-012   6.2499999999469986E-002   0.0000000000000000        0.0000000000000000     
  -3.3333333333337177E-002   2.0722502158226455        6.2500000000000000E-002   3.8534781627386091E-013   6.1655650603817746E-012   6.2499999997817246E-002   0.0000000000000000        0.0000000000000000     
  -3.0000000000003843E-002   1.4311325909534964        6.2500000000000000E-002   3.1219763261443535E-013   4.9951621218309656E-012   6.2499999992478295E-002   0.0000000000000000        0.0000000000000000     
  -2.6666666666670509E-002   1.3948132696084588        6.2500000000000000E-002   2.4672127118869016E-013   3.9475403390190426E-012   6.2499999987284061E-002   0.0000000000000000        0.0000000000000000     
  -2.3333333333337175E-002   1.5718949182823290        6.2500000000000000E-002   1.8892745853975895E-013   3.0228393366361432E-012   6.2499999985493139E-002   0.0000000000000000        0.0000000000000000     
  -2.0000000000003841E-002   1.7935207288817967        6.2500000000000000E-002   1.3882389798310767E-013   2.2211823677297228E-012   6.2499999986785536E-002   0.0000000000000000        0.0000000000000000     
  -1.6666666666670507E-002   2.0257663039509231        6.2500000000000000E-002   9.6417268323169372E-014   1.5426762931707100E-012   6.2499999989223287E-002   0.0000000000000000        0.0000000000000000     
  -1.3333333333337173E-002   2.2632006767714539        6.2500000000000000E-002   6.1713222740553711E-014   9.8741156384885938E-013   6.2499999991137631E-002   0.0000000000000000        0.0000000000000000     
  -1.0000000000003839E-002   2.5084195953176036        6.2500000000000000E-002   3.4716387850063987E-014   5.5546220560102380E-013   6.2499999991709465E-002   0.0000000000000000        0.0000000000000000     
  -6.6666666666705052E-003   2.7695520029204985        6.2500000000000000E-002   1.5430362929718600E-014   2.4688580687549760E-013   6.2499999990806104E-002   0.0000000000000000        0.0000000000000000     
  -3.3333333333371716E-003   3.0495166669982292        6.2500000000000000E-002   3.8577193209349737E-015   6.1723509134959580E-014   6.2499999989929902E-002   0.0000000000000000        0.0000000000000000     
  -3.8380756905986857E-015   1.5707963268015006        6.2500000000000000E-002   5.1145217694638678E-039   8.1832348311421885E-038   6.2500000000000000E-002   0.0000000000000000        0.0000000000000000     
