  -1.0000000000000000        1.5707963267948966       0.56250000000000000        1.2772722570158314E-010   2.2707062346948114E-010  0.56249999985491128        0.0000000000000000        0.0000000000000000     
 -0.99666666666666670        1.5722835210838282       0.56250000000000000        1.2772438418873304E-010   2.2706557189108097E-010  0.56249999985491417        0.0000000000000000        0.0000000000000000     
 -0.99333333333333340        1.5737705984346746       0.56250000000000000        1.2771584732035605E-010   2.2705039523618853E-010  0.56249999985492183        0.0000000000000000        0.0000000000000000     
 -0.99000000000000010        1.5752575648702236       0.56250000000000000        1.2770159703273119E-010   2.2702506139152211E-010  0.56249999985493682        0.0000000000000000        0.0000000000000000     
 -0.98666666666666680        1.5767444264837065       0.56250000000000000        1.2768161584146388E-010   2.2698953927371356E-010  0.56249999985495602        0.0000000000000000        0.0000000000000000     
 -0.98333333333333350        1.5782311894331120       0.56250000000000000        1.2765588684722921E-010   2.2694379883951861E-010  0.56249999985497945        0.0000000000000000        0.0000000000000000     
 -0.98000000000000020        1.5797178599356083       0.56250000000000000        1.2762439374145189E-010   2.2688781109591448E-010  0.56249999985500787        0.0000000000000000        0.0000000000000000     
 -0.97666666666666690        1.5812044442620619       0.56250000000000000        1.2758712081192822E-010   2.2682154811009460E-010  0.56249999985504417        0.0000000000000000        0.0000000000000000     
 -0.97333333333333361        1.5826909487316496       0.56250000000000000        1.2754405294838087E-010   2.2674498301934377E-010  0.56249999985508425        0.0000000000000000        0.0000000000000000     
 -0.97000000000000031        1.5841773797065752       0.56250000000000000        1.2749517564795305E-010   2.2665809004080543E-010  0.56249999985513255        0.0000000000000000        0.0000000000000000     
 -0.96666666666666701        1.5856637435868846       0.56250000000000000        1.2744047502063285E-010   2.2656084448112507E-010  0.56249999985518628        0.0000000000000000        0.0000000000000000     
 -0.96333333333333371        1.5871500468053732       0.56250000000000000        1.2737993779461396E-010   2.2645322274598037E-010  0.56249999985524257        0.0000000000000000        0.0000000000000000     
 -0.96000000000000041        1.5886362958226052       0.56250000000000000        1.2731355132158377E-010   2.2633520234948226E-010  0.56249999985530452        0.0000000000000000        0.0000000000000000     
 -0.95666666666666711        1.5901224971220238       0.56250000000000000        1.2724130358194519E-010   2.2620676192345810E-010  0.56249999985537336        0.0000000000000000        0.0000000000000000     
 -0.95333333333333381        1.5916086572051749       0.56250000000000000        1.2716318318996346E-010   2.2606788122660172E-010  0.56249999985544763        0.0000000000000000        0.0000000000000000     
 -0.95000000000000051        1.5930947825870243       0.56250000000000000        1.2707917939884148E-010   2.2591854115349596E-010  0.56249999985552501        0.0000000000000000        0.0000000000000000     
 -0.94666666666666721        1.5945808797913903       0.56250000000000000        1.2698928210572178E-010   2.2575872374350537E-010  0.56249999985561661        0.0000000000000000        0.0000000000000000     
 -0.94333333333333391        1.5960669553464801       0.56250000000000000        1.2689348185661180E-010   2.2558841218953208E-010  0.56249999985570343        0.0000000000000000        0.0000000000000000     
 -0.94000000000000061        1.5975530157805404       0.56250000000000000        1.2679176985123124E-010   2.2540759084663331E-010  0.56249999985579835        0.0000000000000000        0.0000000000000000     
 -0.93666666666666731        1.5990390676176185       0.56250000000000000        1.2668413794778205E-010   2.2521624524050141E-010  0.56249999985590293        0.0000000000000000        0.0000000000000000     
 -0.93333333333333401        1.6005251173734401       0.56250000000000000        1.2657057866763967E-010   2.2501436207580387E-010  0.56249999985601007        0.0000000000000000        0.0000000000000000     
 -0.93000000000000071        1.6020111715514089       0.56250000000000000        1.2645108519996061E-010   2.2480192924437442E-010  0.56249999985612265        0.0000000000000000        0.0000000000000000     
 -0.92666666666666742        1.6034972366387243       0.56250000000000000        1.2632565140621061E-010   2.2457893583326331E-010  0.56249999985623944        0.0000000000000000        0.0000000000000000     
 -0.92333333333333412        1.6049833191026319       0.56250000000000000        1.2619427182460603E-010   2.2434537213263295E-010  0.56249999985636545        0.0000000000000000        0.0000000000000000     
 -0.92000000000000082        1.6064694253867942       0.56250000000000000        1.2605694167447334E-010   2.2410122964350817E-010  0.56249999985649890        0.0000000000000000        0.0000000000000000     
 -0.91666666666666752        1.6079555619078034       0.56250000000000000        1.2591365686051956E-010   2.2384650108536811E-010  0.56249999985663302        0.0000000000000000        0.0000000000000000     
 -0.91333333333333422        1.6094417350518284       0.56250000000000000        1.2576441397701613E-010   2.2358118040358424E-010  0.56249999985677523        0.0000000000000000        0.0000000000000000     
 -0.91000000000000092        1.6109279511714014       0.56250000000000000        1.2560921031189495E-010   2.2330526277670214E-010  0.56249999985692190        0.0000000000000000        0.0000000000000000     
 -0.90666666666666762        1.6124142165823572       0.56250000000000000        1.2544804385075320E-010   2.2301874462356123E-010  0.56249999985707455        0.0000000000000000        0.0000000000000000     
 -0.90333333333333432        1.6139005375609188       0.56250000000000000        1.2528091328076623E-010   2.2272162361025107E-010  0.56249999985723276        0.0000000000000000        0.0000000000000000     
 -0.90000000000000102        1.6153869203409377       0.56250000000000000        1.2510781799450823E-010   2.2241389865690352E-010  0.56249999985739740        0.0000000000000000        0.0000000000000000     
 -0.89666666666666772        1.6168733711113064       0.56250000000000000        1.2492875809368066E-010   2.2209556994432116E-010  0.56249999985756338        0.0000000000000000        0.0000000000000000     
 -0.89333333333333442        1.6183598960135239       0.56250000000000000        1.2474373439274230E-010   2.2176663892043076E-010  0.56249999985773991        0.0000000000000000        0.0000000000000000     
 -0.89000000000000112        1.6198465011394423       0.56250000000000000        1.2455274842244673E-010   2.2142710830657197E-010  0.56249999985792054        0.0000000000000000        0.0000000000000000     
 -0.88666666666666782        1.6213331925291916       0.56250000000000000        1.2435580243327854E-010   2.2107698210360629E-010  0.56249999985810517        0.0000000000000000        0.0000000000000000     
 -0.88333333333333452        1.6228199761692863       0.56250000000000000        1.2415289939879445E-010   2.2071626559785680E-010  0.56249999985829846        0.0000000000000000        0.0000000000000000     
 -0.88000000000000123        1.6243068579909223       0.56250000000000000        1.2394404301886132E-010   2.2034496536686458E-010  0.56249999985849464        0.0000000000000000        0.0000000000000000     
 -0.87666666666666793        1.6257938438684743       0.56250000000000000        1.2372923772279615E-010   2.1996308928497093E-010  0.56249999985869981        0.0000000000000000        0.0000000000000000     
 -0.87333333333333463        1.6272809396181911       0.56250000000000000        1.2350848867240142E-010   2.1957064652871363E-010  0.56249999985890453        0.0000000000000000        0.0000000000000000     
 -0.87000000000000133        1.6287681509971097       0.56250000000000000        1.2328180176489809E-010   2.1916764758204103E-010  0.56249999985912214        0.0000000000000000        0.0000000000000000     
 -0.86666666666666803        1.6302554837021759       0.56250000000000000        1.2304918363575520E-010   2.1875410424134260E-010  0.56249999985934052        0.0000000000000000        0.0000000000000000     
 -0.86333333333333473        1.6317429433695989       0.56250000000000000        1.2281064166141327E-010   2.1833002962029025E-010  0.56249999985956411        0.0000000000000000        0.0000000000000000     
 -0.86000000000000143        1.6332305355744308       0.56250000000000000        1.2256618396190010E-010   2.1789543815448907E-010  0.56249999985979693        0.0000000000000000        0.0000000000000000     
 -0.85666666666666813        1.6347182658303892       0.56250000000000000        1.2231581940333985E-010   2.1745034560593750E-010  0.56249999986003241        0.0000000000000000        0.0000000000000000     
 -0.85333333333333483        1.6362061395899248       0.56250000000000000        1.2205955760035488E-010   2.1699476906729755E-010  0.56249999986027410        0.0000000000000000        0.0000000000000000     
 -0.85000000000000153        1.6376941622445398       0.56250000000000000        1.2179740891835475E-010   2.1652872696596400E-010  0.56249999986051891        0.0000000000000000        0.0000000000000000     
 -0.84666666666666823        1.6391823391253777       0.56250000000000000        1.2152938447571806E-010   2.1605223906794322E-010  0.56249999986077404        0.0000000000000000        0.0000000000000000     
 -0.84333333333333493        1.6406706755040699       0.56250000000000000        1.2125549614585905E-010   2.1556532648152718E-010  0.56249999986103361        0.0000000000000000        0.0000000000000000     
 -0.84000000000000163        1.6421591765938752       0.56250000000000000        1.2097575655918514E-010   2.1506801166077360E-010  0.56249999986129529        0.0000000000000000        0.0000000000000000     
 -0.83666666666666833        1.6436478475510916       0.56250000000000000        1.2069017910493759E-010   2.1456031840877792E-010  0.56249999986156463        0.0000000000000000        0.0000000000000000     
 -0.83333333333333504        1.6451366934767726       0.56250000000000000        1.2039877793291914E-010   2.1404227188074515E-010  0.56249999986183785        0.0000000000000000        0.0000000000000000     
 -0.83000000000000174        1.6466257194187435       0.56250000000000000        1.2010156795510679E-010   2.1351389858685653E-010  0.56249999986211630        0.0000000000000000        0.0000000000000000     
 -0.82666666666666844        1.6481149303739249       0.56250000000000000        1.1979856484714745E-010   2.1297522639492880E-010  0.56249999986240296        0.0000000000000000        0.0000000000000000     
 -0.82333333333333514        1.6496043312909907       0.56250000000000000        1.1948978504973541E-010   2.1242628453286296E-010  0.56249999986269328        0.0000000000000000        0.0000000000000000     
 -0.82000000000000184        1.6510939270733309       0.56250000000000000        1.1917524576987252E-010   2.1186710359088448E-010  0.56249999986298738        0.0000000000000000        0.0000000000000000     
 -0.81666666666666854        1.6525837225823758       0.56250000000000000        1.1885496498201073E-010   2.1129771552357463E-010  0.56249999986329002        0.0000000000000000        0.0000000000000000     
 -0.81333333333333524        1.6540737226412539       0.56250000000000000        1.1852896142907160E-010   2.1071815365168286E-010  0.56249999986359833        0.0000000000000000        0.0000000000000000     
 -0.81000000000000194        1.6555639320388067       0.56250000000000000        1.1819725462334891E-010   2.1012845266373139E-010  0.56249999986390731        0.0000000000000000        0.0000000000000000     
 -0.80666666666666864        1.6570543555339690       0.56250000000000000        1.1785986484728621E-010   2.0952864861739770E-010  0.56249999986422361        0.0000000000000000        0.0000000000000000     
 -0.80333333333333534        1.6585449978605185       0.56250000000000000        1.1751681315413566E-010   2.0891877894068561E-010  0.56249999986455157        0.0000000000000000        0.0000000000000000     
 -0.80000000000000204        1.6600358637322132       0.56250000000000000        1.1716812136849073E-010   2.0829888243287241E-010  0.56249999986487464        0.0000000000000000        0.0000000000000000     
 -0.79666666666666874        1.6615269578483129       0.56250000000000000        1.1681381208669834E-010   2.0766899926524148E-010  0.56249999986521149        0.0000000000000000        0.0000000000000000     
 -0.79333333333333544        1.6630182848995017       0.56250000000000000        1.1645390867714401E-010   2.0702917098158936E-010  0.56249999986554411        0.0000000000000000        0.0000000000000000     
 -0.79000000000000214        1.6645098495742157       0.56250000000000000        1.1608843528041307E-010   2.0637944049851213E-010  0.56249999986589061        0.0000000000000000        0.0000000000000000     
 -0.78666666666666885        1.6660016565653915       0.56250000000000000        1.1571741680932712E-010   2.0571985210547042E-010  0.56249999986624077        0.0000000000000000        0.0000000000000000     
 -0.78333333333333555        1.6674937105776348       0.56250000000000000        1.1534087894885340E-010   2.0505045146462827E-010  0.56249999986659394        0.0000000000000000        0.0000000000000000     
 -0.78000000000000225        1.6689860163348251       0.56250000000000000        1.1495884815588636E-010   2.0437128561046464E-010  0.56249999986695209        0.0000000000000000        0.0000000000000000     
 -0.77666666666666895        1.6704785785881531       0.56250000000000000        1.1457135165890257E-010   2.0368240294916012E-010  0.56249999986731636        0.0000000000000000        0.0000000000000000     
 -0.77333333333333565        1.6719714021246190       0.56250000000000000        1.1417841745748873E-010   2.0298385325775773E-010  0.56249999986768728        0.0000000000000000        0.0000000000000000     
 -0.77000000000000235        1.6734644917759753       0.56250000000000000        1.1378007432173864E-010   2.0227568768309092E-010  0.56249999986805865        0.0000000000000000        0.0000000000000000     
 -0.76666666666666905        1.6749578524281417       0.56250000000000000        1.1337635179152372E-010   2.0155795874048660E-010  0.56249999986843713        0.0000000000000000        0.0000000000000000     
 -0.76333333333333575        1.6764514890310847       0.56250000000000000        1.1296728017563108E-010   2.0083072031223302E-010  0.56249999986882271        0.0000000000000000        0.0000000000000000     
 -0.76000000000000245        1.6779454066091803       0.56250000000000000        1.1255289055077458E-010   2.0009402764582148E-010  0.56249999986920995        0.0000000000000000        0.0000000000000000     
 -0.75666666666666915        1.6794396102720550       0.56250000000000000        1.1213321476047250E-010   1.9934793735195111E-010  0.56249999986960486        0.0000000000000000        0.0000000000000000     
 -0.75333333333333585        1.6809341052259226       0.56250000000000000        1.1170828541379698E-010   1.9859250740230574E-010  0.56249999987000232        0.0000000000000000        0.0000000000000000     
 -0.75000000000000255        1.6824288967854135       0.56250000000000000        1.1127813588398979E-010   1.9782779712709296E-010  0.56249999987040844        0.0000000000000000        0.0000000000000000     
 -0.74666666666666925        1.6839239903859058       0.56250000000000000        1.1084280030694734E-010   1.9705386721235083E-010  0.56249999987081567        0.0000000000000000        0.0000000000000000     
 -0.74333333333333595        1.6854193915963647       0.56250000000000000        1.1040231357957508E-010   1.9627077969702237E-010  0.56249999987123167        0.0000000000000000        0.0000000000000000     
 -0.74000000000000266        1.6869151061326868       0.56250000000000000        1.0995671135800662E-010   1.9547859796978954E-010  0.56249999987165000        0.0000000000000000        0.0000000000000000     
 -0.73666666666666936        1.6884111398715651       0.56250000000000000        1.0950603005569305E-010   1.9467738676567653E-010  0.56249999987206956        0.0000000000000000        0.0000000000000000     
 -0.73333333333333606        1.6899074988648624       0.56250000000000000        1.0905030684135870E-010   1.9386721216241548E-010  0.56249999987249921        0.0000000000000000        0.0000000000000000     
 -0.73000000000000276        1.6914041893545126       0.56250000000000000        1.0858957963682039E-010   1.9304814157656960E-010  0.56249999987292976        0.0000000000000000        0.0000000000000000     
 -0.72666666666666946        1.6929012177879366       0.56250000000000000        1.0812388711468059E-010   1.9222024375943217E-010  0.56249999987336652        0.0000000000000000        0.0000000000000000     
 -0.72333333333333616        1.6943985908339743       0.56250000000000000        1.0765326869587798E-010   1.9138358879267197E-010  0.56249999987380972        0.0000000000000000        0.0000000000000000     
 -0.72000000000000286        1.6958963153993538       0.56250000000000000        1.0717776454711378E-010   1.9053824808375782E-010  0.56249999987425547        0.0000000000000000        0.0000000000000000     
 -0.71666666666666956        1.6973943986456563       0.56250000000000000        1.0669741557813526E-010   1.8968429436112934E-010  0.56249999987470467        0.0000000000000000        0.0000000000000000     
 -0.71333333333333626        1.6988928480068239       0.56250000000000000        1.0621226343889228E-010   1.8882180166914184E-010  0.56249999987516097        0.0000000000000000        0.0000000000000000     
 -0.71000000000000296        1.7003916712071607       0.56250000000000000        1.0572235051655674E-010   1.8795084536276753E-010  0.56249999987562149        0.0000000000000000        0.0000000000000000     
 -0.70666666666666966        1.7018908762798513       0.56250000000000000        1.0522771993240777E-010   1.8707150210205828E-010  0.56249999987608568        0.0000000000000000        0.0000000000000000     
 -0.70333333333333636        1.7033904715859871       0.56250000000000000        1.0472841553858347E-010   1.8618384984637060E-010  0.56249999987655541        0.0000000000000000        0.0000000000000000     
 -0.70000000000000306        1.7048904658340807       0.56250000000000000        1.0422448191469934E-010   1.8528796784835438E-010  0.56249999987702903        0.0000000000000000        0.0000000000000000     
 -0.69666666666666976        1.7063908681000726       0.56250000000000000        1.0371596436433244E-010   1.8438393664770210E-010  0.56249999987750676        0.0000000000000000        0.0000000000000000     
 -0.69333333333333647        1.7078916878478183       0.56250000000000000        1.0320290891136841E-010   1.8347183806465495E-010  0.56249999987798593        0.0000000000000000        0.0000000000000000     
 -0.69000000000000317        1.7093929349500374       0.56250000000000000        1.0268536229622114E-010   1.8255175519328204E-010  0.56249999987847210        0.0000000000000000        0.0000000000000000     
 -0.68666666666666987        1.7108946197097139       0.56250000000000000        1.0216337197191228E-010   1.8162377239451071E-010  0.56249999987896437        0.0000000000000000        0.0000000000000000     
 -0.68333333333333657        1.7123967528819408       0.56250000000000000        1.0163698610002045E-010   1.8068797528892524E-010  0.56249999987945631        0.0000000000000000        0.0000000000000000     
 -0.68000000000000327        1.7138993456961800       0.56250000000000000        1.0110625354649552E-010   1.7974445074932538E-010  0.56249999987995736        0.0000000000000000        0.0000000000000000     
 -0.67666666666666997        1.7154024098789249       0.56250000000000000        1.0057122387734317E-010   1.7879328689305452E-010  0.56249999988046040        0.0000000000000000        0.0000000000000000     
 -0.67333333333333667        1.7169059576767403       0.56250000000000000        1.0003194735416992E-010   1.7783457307407986E-010  0.56249999988096622        0.0000000000000000        0.0000000000000000     
 -0.67000000000000337        1.7184100018796600       0.56250000000000000        9.9488474929601775E-011   1.7686839987484761E-010  0.56249999988147870        0.0000000000000000        0.0000000000000000     
 -0.66666666666667007        1.7199145558449178       0.56250000000000000        9.8940858242567510E-011   1.7589485909789780E-010  0.56249999988199284        0.0000000000000000        0.0000000000000000     
 -0.66333333333333677        1.7214196335209675       0.56250000000000000        9.8389149613449526E-011   1.7491404375724361E-010  0.56249999988251154        0.0000000000000000        0.0000000000000000     
 -0.66000000000000347        1.7229252494717875       0.56250000000000000        9.7833402039103334E-011   1.7392604806951704E-010  0.56249999988303401        0.0000000000000000        0.0000000000000000     
 -0.65666666666667017        1.7244314189014003       0.56250000000000000        9.7273669187747066E-011   1.7293096744488367E-010  0.56249999988356114        0.0000000000000000        0.0000000000000000     
 -0.65333333333333687        1.7259381576786104       0.56250000000000000        9.6710005393717232E-011   1.7192889847771952E-010  0.56249999988409183        0.0000000000000000        0.0000000000000000     
 -0.65000000000000357        1.7274454823618814       0.56250000000000000        9.6142465652096797E-011   1.7091993893706098E-010  0.56249999988462684        0.0000000000000000        0.0000000000000000     
 -0.64666666666667028        1.7289534102243282       0.56250000000000000        9.5571105613210285E-011   1.6990418775681827E-010  0.56249999988516564        0.0000000000000000        0.0000000000000000     
 -0.64333333333333698        1.7304619592787776       0.56250000000000000        9.4995981576992102E-011   1.6888174502576374E-010  0.56249999988570654        0.0000000000000000        0.0000000000000000     
 -0.64000000000000368        1.7319711483028337       0.56250000000000000        9.4417150487222866E-011   1.6785271197728509E-010  0.56249999988625365        0.0000000000000000        0.0000000000000000     
 -0.63666666666667038        1.7334809968639029       0.56250000000000000        9.3834669925639961E-011   1.6681719097891549E-010  0.56249999988680077        0.0000000000000000        0.0000000000000000     
 -0.63333333333333708        1.7349915253441137       0.56250000000000000        9.3248598105917394E-011   1.6577528552163093E-010  0.56249999988735366        0.0000000000000000        0.0000000000000000     
 -0.63000000000000378        1.7365027549650667       0.56250000000000000        9.2658993867520944E-011   1.6472710020892611E-010  0.56249999988790922        0.0000000000000000        0.0000000000000000     
 -0.62666666666667048        1.7380147078123462       0.56250000000000000        9.2065916669434109E-011   1.6367274074566064E-010  0.56249999988846933        0.0000000000000000        0.0000000000000000     
 -0.62333333333333718        1.7395274068597149       0.56250000000000000        9.1469426583759091E-011   1.6261231392668282E-010  0.56249999988903521        0.0000000000000000        0.0000000000000000     
 -0.62000000000000388        1.7410408759929361       0.56250000000000000        9.0869584289192912E-011   1.6154592762523184E-010  0.56249999988960209        0.0000000000000000        0.0000000000000000     
 -0.61666666666667058        1.7425551400330876       0.56250000000000000        9.0266451064378603E-011   1.6047369078111752E-010  0.56249999989017330        0.0000000000000000        0.0000000000000000     
 -0.61333333333333728        1.7440702247593365       0.56250000000000000        8.9660088781129726E-011   1.5939571338867507E-010  0.56249999989074551        0.0000000000000000        0.0000000000000000     
 -0.61000000000000398        1.7455861569310400       0.56250000000000000        8.9050559897537712E-011   1.5831210648451149E-010  0.56249999989132216        0.0000000000000000        0.0000000000000000     
 -0.60666666666667068        1.7471029643090783       0.56250000000000000        8.8437927450949278E-011   1.5722298213502093E-010  0.56249999989190202        0.0000000000000000        0.0000000000000000     
 -0.60333333333333738        1.7486206756763165       0.56250000000000000        8.7822255050830058E-011   1.5612845342369787E-010  0.56249999989248656        0.0000000000000000        0.0000000000000000     
 -0.60000000000000409        1.7501393208570801       0.56250000000000000        8.7203606871499936E-011   1.5502863443822210E-010  0.56249999989307264        0.0000000000000000        0.0000000000000000     
 -0.59666666666667079        1.7516589307354991       0.56250000000000000        8.6582047644756267E-011   1.5392364025734447E-010  0.56249999989366517        0.0000000000000000        0.0000000000000000     
 -0.59333333333333749        1.7531795372726280       0.56250000000000000        8.5957642652370752E-011   1.5281358693754802E-010  0.56249999989425870        0.0000000000000000        0.0000000000000000     
 -0.59000000000000419        1.7547011735221749       0.56250000000000000        8.5330457718474401E-011   1.5169859149951005E-010  0.56249999989485211        0.0000000000000000        0.0000000000000000     
 -0.58666666666667089        1.7562238736446962       0.56250000000000000        8.4700559201822656E-011   1.5057877191435139E-010  0.56249999989545207        0.0000000000000000        0.0000000000000000     
 -0.58333333333333759        1.7577476729201102       0.56250000000000000        8.4068013987944674E-011   1.4945424708967942E-010  0.56249999989605259        0.0000000000000000        0.0000000000000000     
 -0.58000000000000429        1.7592726077583634       0.56250000000000000        8.3432889481178003E-011   1.4832513685542757E-010  0.56249999989665800        0.0000000000000000        0.0000000000000000     
 -0.57666666666667099        1.7607987157080704       0.56250000000000000        8.2795253596590479E-011   1.4719156194949418E-010  0.56249999989726518        0.0000000000000000        0.0000000000000000     
 -0.57333333333333769        1.7623260354629537       0.56250000000000000        8.2155174751787194E-011   1.4605364400317724E-010  0.56249999989787680        0.0000000000000000        0.0000000000000000     
 -0.57000000000000439        1.7638546068658763       0.56250000000000000        8.1512721858607956E-011   1.4491150552641415E-010  0.56249999989848887        0.0000000000000000        0.0000000000000000     
 -0.56666666666667109        1.7653844709102831       0.56250000000000000        8.0867964314713545E-011   1.4376526989282408E-010  0.56249999989910593        0.0000000000000000        0.0000000000000000     
 -0.56333333333333779        1.7669156697388184       0.56250000000000000        8.0220971995060724E-011   1.4261506132455241E-010  0.56249999989972377        0.0000000000000000        0.0000000000000000     
 -0.56000000000000449        1.7684482466388991       0.56250000000000000        7.9571815243272407E-011   1.4146100487692873E-010  0.56249999990034538        0.0000000000000000        0.0000000000000000     
 -0.55666666666667119        1.7699822460350108       0.56250000000000000        7.8920564862899073E-011   1.4030322642293169E-010  0.56249999990096966        0.0000000000000000        0.0000000000000000     
 -0.55333333333333790        1.7715177134774756       0.56250000000000000        7.8267292108573794E-011   1.3914185263746452E-010  0.56249999990159738        0.0000000000000000        0.0000000000000000     
 -0.55000000000000460        1.7730546956274233       0.56250000000000000        7.7612068677064763E-011   1.3797701098144847E-010  0.56249999990222554        0.0000000000000000        0.0000000000000000     
 -0.54666666666667130        1.7745932402376905       0.56250000000000000        7.6954966698223091E-011   1.3680882968572994E-010  0.56249999990285560        0.0000000000000000        0.0000000000000000     
 -0.54333333333333800        1.7761333961293675       0.56250000000000000        7.6296058725829154E-011   1.3563743773480739E-010  0.56249999990349064        0.0000000000000000        0.0000000000000000     
 -0.54000000000000470        1.7776752131636742       0.56250000000000000        7.5635417728339516E-011   1.3446296485038137E-010  0.56249999990412713        0.0000000000000000        0.0000000000000000     
 -0.53666666666667140        1.7792187422088628       0.56250000000000000        7.4973117079534033E-011   1.3328554147472716E-010  0.56249999990476918        0.0000000000000000        0.0000000000000000     
 -0.53333333333333810        1.7807640351018021       0.56250000000000000        7.4309230549064675E-011   1.3210529875389276E-010  0.56249999990540778        0.0000000000000000        0.0000000000000000     
 -0.53000000000000480        1.7823111446038851       0.56250000000000000        7.3643832292908887E-011   1.3092236852072692E-010  0.56249999990605393        0.0000000000000000        0.0000000000000000     
 -0.52666666666667150        1.7838601243509267       0.56250000000000000        7.2976996843728827E-011   1.2973688327774013E-010  0.56249999990669775        0.0000000000000000        0.0000000000000000     
 -0.52333333333333820        1.7854110287966269       0.56250000000000000        7.2308799101135501E-011   1.2854897617979646E-010  0.56249999990734689        0.0000000000000000        0.0000000000000000     
 -0.52000000000000490        1.7869639131492341       0.56250000000000000        7.1639314321863100E-011   1.2735878101664551E-010  0.56249999990799782        0.0000000000000000        0.0000000000000000     
 -0.51666666666667160        1.7885188333009596       0.56250000000000000        7.0968618109851542E-011   1.2616643219529163E-010  0.56249999990864830        0.0000000000000000        0.0000000000000000     
 -0.51333333333333830        1.7900758457497379       0.56250000000000000        7.0296786406240340E-011   1.2497206472220505E-010  0.56249999990930133        0.0000000000000000        0.0000000000000000     
 -0.51000000000000500        1.7916350075128542       0.56250000000000000        6.9623895479277811E-011   1.2377581418538277E-010  0.56249999990996113        0.0000000000000000        0.0000000000000000     
 -0.50666666666667171        1.7931963760319602       0.56250000000000000        6.8950021914140156E-011   1.2257781673624918E-010  0.56249999991061594        0.0000000000000000        0.0000000000000000     
 -0.50333333333333841        1.7947600090690083       0.56250000000000000        6.8275242602670975E-011   1.2137820907141507E-010  0.56249999991127753        0.0000000000000000        0.0000000000000000     
 -0.50000000000000511        1.7963259645925582       0.56250000000000000        6.7599634733036718E-011   1.2017712841428750E-010  0.56249999991193866        0.0000000000000000        0.0000000000000000     
 -0.49666666666667175        1.7978943006539319       0.56250000000000000        6.6923275779299764E-011   1.1897471249653291E-010  0.56249999991260513        0.0000000000000000        0.0000000000000000     
 -0.49333333333333840        1.7994650752526558       0.56250000000000000        6.6246243490916778E-011   1.1777109953940760E-010  0.56249999991326949        0.0000000000000000        0.0000000000000000     
 -0.49000000000000504        1.8010383461905994       0.56250000000000000        6.5568615882155613E-011   1.1656642823494331E-010  0.56249999991393818        0.0000000000000000        0.0000000000000000     
 -0.48666666666667169        1.8026141709142132       0.56250000000000000        6.4890471221438682E-011   1.1536083772700210E-010  0.56249999991460775        0.0000000000000000        0.0000000000000000     
 -0.48333333333333833        1.8041926063442233       0.56250000000000000        6.4211888020613090E-011   1.1415446759220105E-010  0.56249999991527844        0.0000000000000000        0.0000000000000000     
 -0.48000000000000498        1.8057737086921384       0.56250000000000000        6.3532945024147198E-011   1.1294745782070613E-010  0.56249999991595068        0.0000000000000000        0.0000000000000000     
 -0.47666666666667162        1.8073575332628822       0.56250000000000000        6.2853721198257697E-011   1.1173994879690257E-010  0.56249999991662669        0.0000000000000000        0.0000000000000000     
 -0.47333333333333827        1.8089441342428436       0.56250000000000000        6.2174295719969909E-011   1.1053208127994651E-010  0.56249999991730482        0.0000000000000000        0.0000000000000000     
 -0.47000000000000491        1.8105335644726139       0.56250000000000000        6.1494747966107838E-011   1.0932399638419171E-010  0.56249999991798127        0.0000000000000000        0.0000000000000000     
 -0.46666666666667156        1.8121258752036520       0.56250000000000000        6.0815157502223206E-011   1.0811583555950792E-010  0.56249999991866018        0.0000000000000000        0.0000000000000000     
 -0.46333333333333820        1.8137211158380859       0.56250000000000000        6.0135604071460011E-011   1.0690774057148446E-010  0.56249999991934030        0.0000000000000000        0.0000000000000000     
 -0.46000000000000485        1.8153193336508378       0.56250000000000000        5.9456167583357726E-011   1.0569985348152485E-010  0.56249999992002253        0.0000000000000000        0.0000000000000000     
 -0.45666666666667149        1.8169205734932223       0.56250000000000000        5.8776928102596168E-011   1.0449231662683763E-010  0.56249999992070543        0.0000000000000000        0.0000000000000000     
 -0.45333333333333814        1.8185248774771552       0.56250000000000000        5.8097965837683557E-011   1.0328527260032633E-010  0.56249999992138944        0.0000000000000000        0.0000000000000000     
 -0.45000000000000479        1.8201322846390453       0.56250000000000000        5.7419361129588215E-011   1.0207886423037904E-010  0.56249999992207567        0.0000000000000000        0.0000000000000000     
 -0.44666666666667143        1.8217428305824623       0.56250000000000000        5.6741194440318600E-011   1.0087323456056640E-010  0.56249999992276190        0.0000000000000000        0.0000000000000000     
 -0.44333333333333808        1.8233565470985915       0.56250000000000000        5.6063546341450369E-011   9.9668526829245106E-011  0.56249999992345490        0.0000000000000000        0.0000000000000000     
 -0.44000000000000472        1.8249734617634839       0.56250000000000000        5.5386497502605942E-011   9.8464884449077224E-011  0.56249999992414002        0.0000000000000000        0.0000000000000000     
 -0.43666666666667137        1.8265935975110712       0.56250000000000000        5.4710128679885201E-011   9.7262450986462577E-011  0.56249999992483046        0.0000000000000000        0.0000000000000000     
 -0.43333333333333801        1.8282169721808843       0.56250000000000000        5.4034520704252499E-011   9.6061370140893329E-011  0.56249999992552380        0.0000000000000000        0.0000000000000000     
 -0.43000000000000466        1.8298435980393690       0.56250000000000000        5.3359754469879137E-011   9.4861785724229570E-011  0.56249999992621635        0.0000000000000000        0.0000000000000000     
 -0.42666666666667130        1.8314734812736722       0.56250000000000000        5.2685910922445355E-011   9.3663841639902854E-011  0.56249999992691391        0.0000000000000000        0.0000000000000000     
 -0.42333333333333795        1.8331066214567318       0.56250000000000000        5.2013071047403574E-011   9.2467681862050803E-011  0.56249999992760458        0.0000000000000000        0.0000000000000000     
 -0.42000000000000459        1.8347430109824612       0.56250000000000000        5.1341315858204296E-011   9.1273450414585417E-011  0.56249999992830457        0.0000000000000000        0.0000000000000000     
 -0.41666666666667124        1.8363826344698069       0.56250000000000000        5.0670726384486768E-011   9.0081291350198702E-011  0.56249999992899991        0.0000000000000000        0.0000000000000000     
 -0.41333333333333788        1.8380254681343777       0.56250000000000000        5.0001383660237224E-011   8.8891348729310624E-011  0.56249999992969568        0.0000000000000000        0.0000000000000000     
 -0.41000000000000453        1.8396714791263591       0.56250000000000000        4.9333368711917019E-011   8.7703766598963583E-011  0.56249999993039423        0.0000000000000000        0.0000000000000000     
 -0.40666666666667117        1.8413206248333533       0.56250000000000000        4.8666762546560995E-011   8.6518688971663986E-011  0.56249999993109334        0.0000000000000000        0.0000000000000000     
 -0.40333333333333782        1.8429728521467539       0.56250000000000000        4.8001646139850828E-011   8.5336259804179245E-011  0.56249999993179511        0.0000000000000000        0.0000000000000000     
 -0.40000000000000446        1.8446280966902424       0.56250000000000000        4.7338100424162841E-011   8.4156622976289494E-011  0.56249999993249489        0.0000000000000000        0.0000000000000000     
 -0.39666666666667111        1.8462862820089208       0.56250000000000000        4.6676206276595020E-011   8.2979922269502256E-011  0.56249999993319899        0.0000000000000000        0.0000000000000000     
 -0.39333333333333775        1.8479473187176121       0.56250000000000000        4.6016044506972901E-011   8.1806301345729601E-011  0.56249999993389699        0.0000000000000000        0.0000000000000000     
 -0.39000000000000440        1.8496111036067415       0.56250000000000000        4.5357695845838963E-011   8.0635903725935941E-011  0.56249999993459998        0.0000000000000000        0.0000000000000000     
 -0.38666666666667104        1.8512775187042525       0.56250000000000000        4.4701240932425519E-011   7.9468872768756477E-011  0.56249999993530342        0.0000000000000000        0.0000000000000000     
 -0.38333333333333769        1.8529464302919232       0.56250000000000000        4.4046760302614608E-011   7.8305351649092630E-011  0.56249999993600774        0.0000000000000000        0.0000000000000000     
 -0.38000000000000433        1.8546176878744025       0.56250000000000000        4.3394334376887287E-011   7.7145483336688510E-011  0.56249999993671107        0.0000000000000000        0.0000000000000000     
 -0.37666666666667098        1.8562911230992829       0.56250000000000000        4.2744043448263592E-011   7.5989410574690835E-011  0.56249999993741573        0.0000000000000000        0.0000000000000000     
 -0.37333333333333762        1.8579665486264560       0.56250000000000000        4.2095967670235609E-011   7.4837275858196636E-011  0.56249999993811561        0.0000000000000000        0.0000000000000000     
 -0.37000000000000427        1.8596437569449571       0.56250000000000000        4.1450187044696428E-011   7.3689221412793643E-011  0.56249999993882482        0.0000000000000000        0.0000000000000000     
 -0.36666666666667092        1.8613225191354883       0.56250000000000000        4.0806781409867369E-011   7.2545389173097539E-011  0.56249999993952637        0.0000000000000000        0.0000000000000000     
 -0.36333333333333756        1.8630025835767170       0.56250000000000000        4.0165830428224216E-011   7.1405920761287495E-011  0.56249999994023314        0.0000000000000000        0.0000000000000000     
 -0.36000000000000421        1.8646836745934863       0.56250000000000000        3.9527413574426966E-011   7.0270957465647946E-011  0.56249999994093880        0.0000000000000000        0.0000000000000000     
 -0.35666666666667085        1.8663654910449408       0.56250000000000000        3.8891610123253026E-011   6.9140640219116488E-011  0.56249999994164146        0.0000000000000000        0.0000000000000000     
 -0.35333333333333750        1.8680477048506039       0.56250000000000000        3.8258499137538240E-011   6.8015109577845760E-011  0.56249999994234690        0.0000000000000000        0.0000000000000000     
 -0.35000000000000414        1.8697299594523717       0.56250000000000000        3.7628159456126267E-011   6.6894505699780036E-011  0.56249999994305211        0.0000000000000000        0.0000000000000000     
 -0.34666666666667079        1.8714118682103538       0.56250000000000000        3.7000669681829508E-011   6.5778968323252454E-011  0.56249999994375610        0.0000000000000000        0.0000000000000000     
 -0.34333333333333743        1.8730930127304473       0.56250000000000000        3.6376108169404092E-011   6.4668636745607275E-011  0.56249999994445854        0.0000000000000000        0.0000000000000000     
 -0.34000000000000408        1.8747729411215226       0.56250000000000000        3.5754553013540408E-011   6.3563649801849619E-011  0.56249999994516242        0.0000000000000000        0.0000000000000000     
 -0.33666666666667072        1.8764511661800363       0.56250000000000000        3.5136082036871583E-011   6.2464145843327261E-011  0.56249999994586664        0.0000000000000000        0.0000000000000000     
 -0.33333333333333737        1.8781271634998655       0.56250000000000000        3.4520772778002729E-011   6.1370262716449291E-011  0.56249999994657141        0.0000000000000000        0.0000000000000000     
 -0.33000000000000401        1.8798003695051466       0.56250000000000000        3.3908702479563191E-011   6.0282137741445678E-011  0.56249999994727318        0.0000000000000000        0.0000000000000000     
 -0.32666666666667066        1.8814701794038533       0.56250000000000000        3.3299948076282984E-011   5.9199907691169751E-011  0.56249999994797628        0.0000000000000000        0.0000000000000000     
 -0.32333333333333730        1.8831359450598490       0.56250000000000000        3.2694586183097530E-011   5.8123708769951162E-011  0.56249999994867761        0.0000000000000000        0.0000000000000000     
 -0.32000000000000395        1.8847969727811298       0.56250000000000000        3.2092693083280912E-011   5.7053676592499400E-011  0.56249999994938016        0.0000000000000000        0.0000000000000000     
 -0.31666666666667059        1.8864525210219618       0.56250000000000000        3.1494344716611922E-011   5.5989946162865639E-011  0.56249999995007660        0.0000000000000000        0.0000000000000000     
 -0.31333333333333724        1.8881017979966337       0.56250000000000000        3.0899616667573311E-011   5.4932651853463666E-011  0.56249999995077371        0.0000000000000000        0.0000000000000000     
 -0.31000000000000388        1.8897439592025369       0.56250000000000000        3.0308584153588292E-011   5.3881927384156965E-011  0.56249999995147559        0.0000000000000000        0.0000000000000000     
 -0.30666666666667053        1.8913781048503262       0.56250000000000000        2.9721322013294895E-011   5.2837905801413149E-011  0.56249999995217415        0.0000000000000000        0.0000000000000000     
 -0.30333333333333717        1.8930032771989291       0.56250000000000000        2.9137904694861552E-011   5.1800719457531646E-011  0.56249999995286903        0.0000000000000000        0.0000000000000000     
 -0.30000000000000382        1.8946184577932343       0.56250000000000000        2.8558406244346042E-011   5.0770499989948515E-011  0.56249999995356614        0.0000000000000000        0.0000000000000000     
 -0.29666666666667046        1.8962225646023649       0.56250000000000000        2.7982900294099669E-011   4.9747378300621637E-011  0.56249999995425803        0.0000000000000000        0.0000000000000000     
 -0.29333333333333711        1.8978144490564886       0.56250000000000000        2.7411460051218831E-011   4.8731484535500146E-011  0.56249999995494948        0.0000000000000000        0.0000000000000000     
 -0.29000000000000375        1.8993928929802786       0.56250000000000000        2.6844158286046743E-011   4.7722948064083097E-011  0.56249999995563982        0.0000000000000000        0.0000000000000000     
 -0.28666666666667040        1.9009566054212323       0.56250000000000000        2.6281067320727573E-011   4.6721897459071240E-011  0.56249999995632993        0.0000000000000000        0.0000000000000000     
 -0.28333333333333705        1.9025042193712420       0.56250000000000000        2.5722259017814276E-011   4.5728460476114268E-011  0.56249999995702149        0.0000000000000000        0.0000000000000000     
 -0.28000000000000369        1.9040342883800030       0.56250000000000000        2.5167804768933783E-011   4.4742764033660058E-011  0.56249999995770639        0.0000000000000000        0.0000000000000000     
 -0.27666666666667034        1.9055452830590891       0.56250000000000000        2.4617775483510245E-011   4.3764934192907105E-011  0.56249999995839128        0.0000000000000000        0.0000000000000000     
 -0.27333333333333698        1.9070355874758127       0.56250000000000000        2.4072241577550033E-011   4.2795096137866726E-011  0.56249999995907551        0.0000000000000000        0.0000000000000000     
 -0.27000000000000363        1.9085034954363187       0.56250000000000000        2.3531272962489330E-011   4.1833374155536588E-011  0.56249999995975519        0.0000000000000000        0.0000000000000000     
 -0.26666666666667027        1.9099472066577592       0.56250000000000000        2.2994939034107359E-011   4.0879891616190859E-011  0.56249999996043676        0.0000000000000000        0.0000000000000000     
 -0.26333333333333692        1.9113648228298747       0.56250000000000000        2.2463308661507444E-011   3.9934770953791008E-011  0.56249999996111477        0.0000000000000000        0.0000000000000000     
 -0.26000000000000356        1.9127543435668235       0.56250000000000000        2.1936450176167592E-011   3.8998133646520162E-011  0.56249999996178779        0.0000000000000000        0.0000000000000000     
 -0.25666666666667021        1.9141136622507422       0.56250000000000000        2.1414431361062818E-011   3.8070100197445011E-011  0.56249999996246192        0.0000000000000000        0.0000000000000000     
 -0.25333333333333685        1.9154405617692578       0.56250000000000000        2.0897319439861773E-011   3.7150790115309817E-011  0.56249999996313294        0.0000000000000000        0.0000000000000000     
 -0.25000000000000350        1.9167327101499856       0.56250000000000000        2.0385181066199743E-011   3.6240321895466208E-011  0.56249999996380295        0.0000000000000000        0.0000000000000000     
 -0.24666666666667017        1.9179876560960045       0.56250000000000000        1.9878082313029443E-011   3.5338813000941232E-011  0.56249999996447120        0.0000000000000000        0.0000000000000000     
 -0.24333333333333684        1.9192028244274197       0.56250000000000000        1.9376088662052785E-011   3.4446379843649396E-011  0.56249999996513744        0.0000000000000000        0.0000000000000000     
 -0.24000000000000352        1.9203755114353738       0.56250000000000000        1.8879264993235042E-011   3.3563137765751188E-011  0.56249999996579692        0.0000000000000000        0.0000000000000000     
 -0.23666666666667019        1.9215028801562506       0.56250000000000000        1.8387675574403093E-011   3.2689201021161054E-011  0.56249999996645705        0.0000000000000000        0.0000000000000000     
 -0.23333333333333686        1.9225819555755368       0.56250000000000000        1.7901384050931260E-011   3.1824682757211131E-011  0.56249999996711464        0.0000000000000000        0.0000000000000000     
 -0.23000000000000353        1.9236096197725223       0.56250000000000000        1.7420453435515329E-011   3.0969694996471696E-011  0.56249999996776867        0.0000000000000000        0.0000000000000000     
 -0.22666666666667021        1.9245826070192071       0.56250000000000000        1.6944946098037279E-011   3.0124348618732938E-011  0.56249999996842126        0.0000000000000000        0.0000000000000000     
 -0.22333333333333688        1.9254974988490690       0.56250000000000000        1.6474923755523256E-011   2.9288753343152453E-011  0.56249999996906785        0.0000000000000000        0.0000000000000000     
 -0.22000000000000355        1.9263507191140061       0.56250000000000000        1.6010447462195912E-011   2.8463017710570510E-011  0.56249999996971656        0.0000000000000000        0.0000000000000000     
 -0.21666666666667023        1.9271385290507561       0.56250000000000000        1.5551577599623733E-011   2.7647249065997747E-011  0.56249999997035749        0.0000000000000000        0.0000000000000000     
 -0.21333333333333690        1.9278570223813656       0.56250000000000000        1.5098373866969311E-011   2.6841553541278774E-011  0.56249999997099853        0.0000000000000000        0.0000000000000000     
 -0.21000000000000357        1.9285021204760693       0.56250000000000000        1.4650895271338217E-011   2.6046036037934609E-011  0.56249999997163680        0.0000000000000000        0.0000000000000000     
 -0.20666666666667025        1.9290695676110050       0.56250000000000000        1.4209200118230153E-011   2.5260800210186938E-011  0.56249999997227085        0.0000000000000000        0.0000000000000000     
 -0.20333333333333692        1.9295549263578666       0.56250000000000000        1.3773346002095677E-011   2.4485948448170092E-011  0.56249999997290034        0.0000000000000000        0.0000000000000000     
 -0.20000000000000359        1.9299535731476243       0.56250000000000000        1.3343389796998173E-011   2.3721581861330084E-011  0.56249999997352995        0.0000000000000000        0.0000000000000000     
 -0.19666666666667026        1.9302606940561748       0.56250000000000000        1.2919387647385466E-011   2.2967800262018606E-011  0.56249999997415567        0.0000000000000000        0.0000000000000000     
 -0.19333333333333694        1.9304712808658921       0.56250000000000000        1.2501394958970502E-011   2.2224702149280893E-011  0.56249999997477929        0.0000000000000000        0.0000000000000000     
 -0.19000000000000361        1.9305801274639869       0.56250000000000000        1.2089466389724996E-011   2.1492384692844437E-011  0.56249999997539735        0.0000000000000000        0.0000000000000000     
 -0.18666666666667028        1.9305818266459616       0.56250000000000000        1.1683655840986553E-011   2.0770943717309428E-011  0.56249999997601630        0.0000000000000000        0.0000000000000000     
 -0.18333333333333696        1.9304707674006700       0.56250000000000000        1.1284016448681463E-011   2.0060473686544823E-011  0.56249999997662947        0.0000000000000000        0.0000000000000000     
 -0.18000000000000363        1.9302411327622540       0.56250000000000000        1.0890600574665214E-011   1.9361067688293715E-011  0.56249999997723732        0.0000000000000000        0.0000000000000000     
 -0.17666666666667030        1.9298868983238457       0.56250000000000000        1.0503459798181946E-011   1.8672817418990125E-011  0.56249999997784184        0.0000000000000000        0.0000000000000000     
 -0.17333333333333698        1.9294018315181549       0.56250000000000000        1.0122644907445008E-011   1.7995813168791124E-011  0.56249999997844635        0.0000000000000000        0.0000000000000000     
 -0.17000000000000365        1.9287794917810048       0.56250000000000000        9.7482058913402787E-012   1.7330143806827163E-011  0.56249999997904365        0.0000000000000000        0.0000000000000000     
 -0.16666666666667032        1.9280132317255407       0.56250000000000000        9.3801919312535494E-012   1.6675896766672978E-011  0.56249999997964206        0.0000000000000000        0.0000000000000000     
 -0.16333333333333699        1.9270961994670850       0.56250000000000000        9.0186513930242487E-012   1.6033158032043108E-011  0.56249999998023614        0.0000000000000000        0.0000000000000000     
 -0.16000000000000367        1.9260213422513552       0.56250000000000000        8.6636318190264984E-012   1.5402012122713773E-011  0.56249999998082423        0.0000000000000000        0.0000000000000000     
 -0.15666666666667034        1.9247814115520148       0.56250000000000000        8.3151799203797202E-012   1.4782542080675058E-011  0.56249999998141154        0.0000000000000000        0.0000000000000000     
 -0.15333333333333701        1.9233689698169745       0.56250000000000000        7.9733415692898060E-012   1.4174829456515211E-011  0.56249999998199718        0.0000000000000000        0.0000000000000000     
 -0.15000000000000369        1.9217763990563916       0.56250000000000000        7.6381617915229683E-012   1.3578954296040833E-011  0.56249999998257572        0.0000000000000000        0.0000000000000000     
 -0.14666666666667036        1.9199959114786449       0.56250000000000000        7.3096847590132693E-012   1.2994995127134700E-011  0.56249999998314948        0.0000000000000000        0.0000000000000000     
 -0.14333333333333703        1.9180195623934115       0.56250000000000000        6.9879537826058390E-012   1.2423028946854825E-011  0.56249999998372169        0.0000000000000000        0.0000000000000000     
 -0.14000000000000370        1.9158392656128611       0.56250000000000000        6.6730113049368389E-012   1.1863131208776602E-011  0.56249999998428790        0.0000000000000000        0.0000000000000000     
 -0.13666666666667038        1.9134468115924823       0.56250000000000000        6.3648988934518883E-012   1.1315375810581135E-011  0.56249999998485323        0.0000000000000000        0.0000000000000000     
 -0.13333333333333705        1.9108338885616887       0.56250000000000000        6.0636572335643777E-012   1.0779835081892227E-011  0.56249999998541333        0.0000000000000000        0.0000000000000000     
 -0.13000000000000372        1.9079921069002643       0.56250000000000000        5.7693261219548446E-012   1.0256579772364169E-011  0.56249999998597178        0.0000000000000000        0.0000000000000000     
 -0.12666666666667040        1.9049130270193748       0.56250000000000000        5.4819444600130824E-012   9.7456790400232571E-012  0.56249999998652356        0.0000000000000000        0.0000000000000000     
 -0.12333333333333707        1.9015881910041947       0.56250000000000000        5.2015502474241494E-012   9.2472004398651552E-012  0.56249999998707212        0.0000000000000000        0.0000000000000000     
 -0.12000000000000374        1.8980091582684768       0.56250000000000000        4.9281805758994596E-012   8.7612099127101499E-012  0.56249999998761480        0.0000000000000000        0.0000000000000000     
 -0.11666666666667042        1.8941675454582987       0.56250000000000000        4.6618716230547615E-012   8.2877717743195762E-012  0.56249999998815314        0.0000000000000000        0.0000000000000000     
 -0.11333333333333709        1.8900550708218249       0.56250000000000000        4.4026586464354814E-012   7.8269487047741892E-012  0.56249999998868705        0.0000000000000000        0.0000000000000000     
 -0.11000000000000376        1.8856636032329224       0.56250000000000000        4.1505759776915080E-012   7.3788017381182365E-012  0.56249999998921774        0.0000000000000000        0.0000000000000000     
 -0.10666666666667043        1.8809852160176126       0.56250000000000000        3.9056570169018053E-012   6.9433902522698762E-012  0.56249999998973943        0.0000000000000000        0.0000000000000000     
 -0.10333333333333711        1.8760122456824728       0.56250000000000000        3.6679342270507101E-012   6.5207719592012625E-012  0.56249999999025668        0.0000000000000000        0.0000000000000000     
 -0.10000000000000378        1.8707373555819817       0.56250000000000000        3.4374391286566067E-012   6.1110028953895232E-012  0.56249999999076561        0.0000000000000000        0.0000000000000000     
  -9.6666666666670453E-002   1.8651536044863313       0.56250000000000000        3.2142022945542244E-012   5.7141374125408435E-012  0.56249999999126921        0.0000000000000000        0.0000000000000000     
  -9.3333333333337126E-002   1.8592545199218014       0.56250000000000000        2.9982533448316701E-012   5.3302281685896356E-012  0.56249999999176792        0.0000000000000000        0.0000000000000000     
  -9.0000000000003799E-002   1.8530341760514748       0.56250000000000000        2.7896209419232144E-012   4.9593261189746034E-012  0.56249999999225753        0.0000000000000000        0.0000000000000000     
  -8.6666666666670472E-002   1.8464872757451176       0.56250000000000000        2.5883327858588245E-012   4.6014805081934661E-012  0.56249999999273992        0.0000000000000000        0.0000000000000000     
  -8.3333333333337145E-002   1.8396092363536216       0.56250000000000000        2.3944156096713486E-012   4.2567388616379526E-012  0.56249999999320965        0.0000000000000000        0.0000000000000000     
  -8.0000000000003818E-002   1.8323962785565509       0.56250000000000000        2.2078951749625603E-012   3.9251469777112181E-012  0.56249999999367528        0.0000000000000000        0.0000000000000000     
  -7.6666666666670491E-002   1.8248455174929690       0.56250000000000000        2.0287962676285871E-012   3.6067489202285992E-012  0.56249999999413036        0.0000000000000000        0.0000000000000000     
  -7.3333333333337164E-002   1.8169550552184228       0.56250000000000000        1.8571426937460168E-012   3.3015870111040299E-012  0.56249999999457212        0.0000000000000000        0.0000000000000000     
  -7.0000000000003837E-002   1.8087240733584304       0.56250000000000000        1.6929572756191594E-012   3.0097018233229501E-012  0.56249999999500377        0.0000000000000000        0.0000000000000000     
  -6.6666666666670510E-002   1.8001529246557804       0.56250000000000000        1.5362618479895832E-012   2.7311321742037033E-012  0.56249999999542299        0.0000000000000000        0.0000000000000000     
  -6.3333333333337183E-002   1.7912432219410681       0.56250000000000000        1.3870772544085183E-012   2.4659151189484768E-012  0.56249999999583000        0.0000000000000000        0.0000000000000000     
  -6.0000000000003849E-002   1.7819979229000409       0.56250000000000000        1.2454233437729394E-012   2.2140859444852256E-012  0.56249999999622302        0.0000000000000000        0.0000000000000000     
  -5.6666666666670515E-002   1.7724214088749612       0.56250000000000000        1.1113189670260552E-012   1.9756781636018757E-012  0.56249999999659961        0.0000000000000000        0.0000000000000000     
  -5.3333333333337181E-002   1.7625195558287976       0.56250000000000000        9.8478197402288028E-013   1.7507235093740094E-012  0.56249999999696410        0.0000000000000000        0.0000000000000000     
  -5.0000000000003847E-002   1.7522997955291510       0.56250000000000000        8.6582921056152335E-013   1.5392519298871525E-012  0.56249999999730826        0.0000000000000000        0.0000000000000000     
  -4.6666666666670513E-002   1.7417711649820851       0.56250000000000000        7.5447651558080838E-013   1.3412915832547705E-012  0.56249999999763645        0.0000000000000000        0.0000000000000000     
  -4.3333333333337179E-002   1.7309443421726833       0.56250000000000000        6.5073871852482550E-013   1.1568688329330232E-012  0.56249999999794675        0.0000000000000000        0.0000000000000000     
  -4.0000000000003845E-002   1.7198316662560722       0.56250000000000000        5.5462963687495390E-013   9.8600824333325137E-013  0.56249999999823774        0.0000000000000000        0.0000000000000000     
  -3.6666666666670511E-002   1.7084471404954338       0.56250000000000000        4.6616207384984210E-013   8.2873257573305258E-013  0.56249999999851275        0.0000000000000000        0.0000000000000000     
  -3.3333333333337177E-002   1.6968064164651910       0.56250000000000000        3.8534781627386091E-013   6.8506278448686386E-013  0.56249999999876343        0.0000000000000000        0.0000000000000000     
  -3.0000000000003843E-002   1.6849267583284142       0.56250000000000000        3.1219763261443535E-013   5.5501801353677392E-013  0.56249999999899081        0.0000000000000000        0.0000000000000000     
  -2.6666666666670509E-002   1.6728269863547092       0.56250000000000000        2.4672127118869016E-013   4.3861559322433806E-013  0.56249999999920008        0.0000000000000000        0.0000000000000000     
  -2.3333333333337175E-002   1.6605273992617475       0.56250000000000000        1.8892745853975895E-013   3.3587103740401590E-013  0.56249999999938460        0.0000000000000000        0.0000000000000000     
  -2.0000000000003841E-002   1.6480496754300131       0.56250000000000000        1.3882389798310767E-013   2.4679804085885810E-013  0.56249999999954647        0.0000000000000000        0.0000000000000000     
  -1.6666666666670507E-002   1.6354167535425881       0.56250000000000000        9.6417268323169372E-014   1.7140847701896776E-013  0.56249999999968492        0.0000000000000000        0.0000000000000000     
  -1.3333333333337173E-002   1.6226526937228520       0.56250000000000000        6.1713222740553711E-014   1.0971239598320659E-013  0.56249999999979750        0.0000000000000000        0.0000000000000000     
  -1.0000000000003839E-002   1.6097825207636740       0.56250000000000000        3.4716387850063987E-014   6.1718022844558200E-014  0.56249999999988609        0.0000000000000000        0.0000000000000000     
  -6.6666666666705052E-003   1.5968320515411170       0.56250000000000000        1.5430362929718600E-014   2.7431756319499735E-014  0.56249999999995048        0.0000000000000000        0.0000000000000000     
  -3.3333333333371716E-003   1.5838277091627391       0.56250000000000000        3.8577193209349737E-015   6.8581676816621753E-015  0.56249999999998679        0.0000000000000000        0.0000000000000000     
  -3.8380756905986857E-015   1.5707963267949117       0.56250000000000000        5.1145217694638678E-039   9.0924831457135426E-039  0.56250000000000000        0.0000000000000000        0.0000000000000000     
