  -1.0000000000000000        1.5707963267948966       0.25000000000000000        1.2772722570158314E-010   5.1090890280633256E-010  0.24999999986590665        0.0000000000000000        0.0000000000000000     
 -0.99666666666666670        1.5711611443491156       0.25000000000000000        1.2772438418873304E-010   5.1089753675493216E-010  0.24999999986591007        0.0000000000000000        0.0000000000000000     
 -0.99333333333333340        1.5715255873689820       0.25000000000000000        1.2771584732035605E-010   5.1086338928142421E-010  0.24999999986591706        0.0000000000000000        0.0000000000000000     
 -0.99000000000000010        1.5718898500623828       0.25000000000000000        1.2770159703273119E-010   5.1080638813092478E-010  0.24999999986593152        0.0000000000000000        0.0000000000000000     
 -0.98666666666666680        1.5722541270739021       0.25000000000000000        1.2768161584146388E-010   5.1072646336585551E-010  0.24999999986595184        0.0000000000000000        0.0000000000000000     
 -0.98333333333333350        1.5726186134562452       0.25000000000000000        1.2765588684722921E-010   5.1062354738891686E-010  0.24999999986597649        0.0000000000000000        0.0000000000000000     
 -0.98000000000000020        1.5729835046410656       0.25000000000000000        1.2762439374145189E-010   5.1049757496580756E-010  0.24999999986601071        0.0000000000000000        0.0000000000000000     
 -0.97666666666666690        1.5733489964091225       0.25000000000000000        1.2758712081192822E-010   5.1034848324771287E-010  0.24999999986604637        0.0000000000000000        0.0000000000000000     
 -0.97333333333333361        1.5737152848598033       0.25000000000000000        1.2754405294838087E-010   5.1017621179352347E-010  0.24999999986608923        0.0000000000000000        0.0000000000000000     
 -0.97000000000000031        1.5740825663799523       0.25000000000000000        1.2749517564795305E-010   5.0998070259181220E-010  0.24999999986613630        0.0000000000000000        0.0000000000000000     
 -0.96666666666666701        1.5744510376120262       0.25000000000000000        1.2744047502063285E-010   5.0976190008253142E-010  0.24999999986619117        0.0000000000000000        0.0000000000000000     
 -0.96333333333333371        1.5748208954215401       0.25000000000000000        1.2737993779461396E-010   5.0951975117845582E-010  0.24999999986625321        0.0000000000000000        0.0000000000000000     
 -0.96000000000000041        1.5751923368637821       0.25000000000000000        1.2731355132158377E-010   5.0925420528633507E-010  0.24999999986632129        0.0000000000000000        0.0000000000000000     
 -0.95666666666666711        1.5755655591498055       0.25000000000000000        1.2724130358194519E-010   5.0896521432778075E-010  0.24999999986639118        0.0000000000000000        0.0000000000000000     
 -0.95333333333333381        1.5759407596116410       0.25000000000000000        1.2716318318996346E-010   5.0865273275985385E-010  0.24999999986647056        0.0000000000000000        0.0000000000000000     
 -0.95000000000000051        1.5763181356667448       0.25000000000000000        1.2707917939884148E-010   5.0831671759536593E-010  0.24999999986655277        0.0000000000000000        0.0000000000000000     
 -0.94666666666666721        1.5766978847816540       0.25000000000000000        1.2698928210572178E-010   5.0795712842288711E-010  0.24999999986664423        0.0000000000000000        0.0000000000000000     
 -0.94333333333333391        1.5770802044348056       0.25000000000000000        1.2689348185661180E-010   5.0757392742644721E-010  0.24999999986674115        0.0000000000000000        0.0000000000000000     
 -0.94000000000000061        1.5774652920785446       0.25000000000000000        1.2679176985123124E-010   5.0716707940492496E-010  0.24999999986684193        0.0000000000000000        0.0000000000000000     
 -0.93666666666666731        1.5778533451002583       0.25000000000000000        1.2668413794778205E-010   5.0673655179112818E-010  0.24999999986694768        0.0000000000000000        0.0000000000000000     
 -0.93333333333333401        1.5782445607826434       0.25000000000000000        1.2657057866763967E-010   5.0628231467055868E-010  0.24999999986706595        0.0000000000000000        0.0000000000000000     
 -0.93000000000000071        1.5786391362630641       0.25000000000000000        1.2645108519996061E-010   5.0580434079984245E-010  0.24999999986718435        0.0000000000000000        0.0000000000000000     
 -0.92666666666666742        1.5790372684920060       0.25000000000000000        1.2632565140621061E-010   5.0530260562484244E-010  0.24999999986730706        0.0000000000000000        0.0000000000000000     
 -0.92333333333333412        1.5794391541905786       0.25000000000000000        1.2619427182460603E-010   5.0477708729842414E-010  0.24999999986743932        0.0000000000000000        0.0000000000000000     
 -0.92000000000000082        1.5798449898070601       0.25000000000000000        1.2605694167447334E-010   5.0422776669789336E-010  0.24999999986757651        0.0000000000000000        0.0000000000000000     
 -0.91666666666666752        1.5802549714724539       0.25000000000000000        1.2591365686051956E-010   5.0365462744207823E-010  0.24999999986772092        0.0000000000000000        0.0000000000000000     
 -0.91333333333333422        1.5806692949550503       0.25000000000000000        1.2576441397701613E-010   5.0305765590806452E-010  0.24999999986786914        0.0000000000000000        0.0000000000000000     
 -0.91000000000000092        1.5810881556139442       0.25000000000000000        1.2560921031189495E-010   5.0243684124757981E-010  0.24999999986802721        0.0000000000000000        0.0000000000000000     
 -0.90666666666666762        1.5815117483515189       0.25000000000000000        1.2544804385075320E-010   5.0179217540301279E-010  0.24999999986818525        0.0000000000000000        0.0000000000000000     
 -0.90333333333333432        1.5819402675648488       0.25000000000000000        1.2528091328076623E-010   5.0112365312306491E-010  0.24999999986835389        0.0000000000000000        0.0000000000000000     
 -0.90000000000000102        1.5823739070960066       0.25000000000000000        1.2510781799450823E-010   5.0043127197803293E-010  0.24999999986852592        0.0000000000000000        0.0000000000000000     
 -0.89666666666666772        1.5828128601812677       0.25000000000000000        1.2492875809368066E-010   4.9971503237472262E-010  0.24999999986870616        0.0000000000000000        0.0000000000000000     
 -0.89333333333333442        1.5832573193991555       0.25000000000000000        1.2474373439274230E-010   4.9897493757096921E-010  0.24999999986888927        0.0000000000000000        0.0000000000000000     
 -0.89000000000000112        1.5837074766173560       0.25000000000000000        1.2455274842244673E-010   4.9821099368978692E-010  0.24999999986908122        0.0000000000000000        0.0000000000000000     
 -0.88666666666666782        1.5841635229384192       0.25000000000000000        1.2435580243327854E-010   4.9742320973311416E-010  0.24999999986927771        0.0000000000000000        0.0000000000000000     
 -0.88333333333333452        1.5846256486442856       0.25000000000000000        1.2415289939879445E-010   4.9661159759517782E-010  0.24999999986948168        0.0000000000000000        0.0000000000000000     
 -0.88000000000000123        1.5850940431395730       0.25000000000000000        1.2394404301886132E-010   4.9577617207544529E-010  0.24999999986969015        0.0000000000000000        0.0000000000000000     
 -0.87666666666666793        1.5855688948936337       0.25000000000000000        1.2372923772279615E-010   4.9491695089118458E-010  0.24999999986990293        0.0000000000000000        0.0000000000000000     
 -0.87333333333333463        1.5860503913813306       0.25000000000000000        1.2350848867240142E-010   4.9403395468960568E-010  0.24999999987012250        0.0000000000000000        0.0000000000000000     
 -0.87000000000000133        1.5865387190225555       0.25000000000000000        1.2328180176489809E-010   4.9312720705959234E-010  0.24999999987034965        0.0000000000000000        0.0000000000000000     
 -0.86666666666666803        1.5870340631204147       0.25000000000000000        1.2304918363575520E-010   4.9219673454302081E-010  0.24999999987058000        0.0000000000000000        0.0000000000000000     
 -0.86333333333333473        1.5875366077981232       0.25000000000000000        1.2281064166141327E-010   4.9124256664565308E-010  0.24999999987081767        0.0000000000000000        0.0000000000000000     
 -0.86000000000000143        1.5880465359345386       0.25000000000000000        1.2256618396190010E-010   4.9026473584760041E-010  0.24999999987106208        0.0000000000000000        0.0000000000000000     
 -0.85666666666666813        1.5885640290983620       0.25000000000000000        1.2231581940333985E-010   4.8926327761335941E-010  0.24999999987131316        0.0000000000000000        0.0000000000000000     
 -0.85333333333333483        1.5890892674809374       0.25000000000000000        1.2205955760035488E-010   4.8823823040141952E-010  0.24999999987156782        0.0000000000000000        0.0000000000000000     
 -0.85000000000000153        1.5896224298276993       0.25000000000000000        1.2179740891835475E-010   4.8718963567341898E-010  0.24999999987182864        0.0000000000000000        0.0000000000000000     
 -0.84666666666666823        1.5901636933681944       0.25000000000000000        1.2152938447571806E-010   4.8611753790287223E-010  0.24999999987209479        0.0000000000000000        0.0000000000000000     
 -0.84333333333333493        1.5907132337446945       0.25000000000000000        1.2125549614585905E-010   4.8502198458343618E-010  0.24999999987236654        0.0000000000000000        0.0000000000000000     
 -0.84000000000000163        1.5912712249393879       0.25000000000000000        1.2097575655918514E-010   4.8390302623674057E-010  0.24999999987264804        0.0000000000000000        0.0000000000000000     
 -0.83666666666666833        1.5918378392001287       0.25000000000000000        1.2069017910493759E-010   4.8276071641975034E-010  0.24999999987293198        0.0000000000000000        0.0000000000000000     
 -0.83333333333333504        1.5924132469647425       0.25000000000000000        1.2039877793291914E-010   4.8159511173167656E-010  0.24999999987322080        0.0000000000000000        0.0000000000000000     
 -0.83000000000000174        1.5929976167838642       0.25000000000000000        1.2010156795510679E-010   4.8040627182042717E-010  0.24999999987351426        0.0000000000000000        0.0000000000000000     
 -0.82666666666666844        1.5935911152423354       0.25000000000000000        1.1979856484714745E-010   4.7919425938858979E-010  0.24999999987381605        0.0000000000000000        0.0000000000000000     
 -0.82333333333333514        1.5941939068790965       0.25000000000000000        1.1948978504973541E-010   4.7795914019894166E-010  0.24999999987412344        0.0000000000000000        0.0000000000000000     
 -0.82000000000000184        1.5948061541056473       0.25000000000000000        1.1917524576987252E-010   4.7670098307949006E-010  0.24999999987443564        0.0000000000000000        0.0000000000000000     
 -0.81666666666666854        1.5954280171230004       0.25000000000000000        1.1885496498201073E-010   4.7541985992804293E-010  0.24999999987475438        0.0000000000000000        0.0000000000000000     
 -0.81333333333333524        1.5960596538371734       0.25000000000000000        1.1852896142907160E-010   4.7411584571628641E-010  0.24999999987507832        0.0000000000000000        0.0000000000000000     
 -0.81000000000000194        1.5967012197731980       0.25000000000000000        1.1819725462334891E-010   4.7278901849339562E-010  0.24999999987540697        0.0000000000000000        0.0000000000000000     
 -0.80666666666666864        1.5973528679876678       0.25000000000000000        1.1785986484728621E-010   4.7143945938914485E-010  0.24999999987574159        0.0000000000000000        0.0000000000000000     
 -0.80333333333333534        1.5980147489798109       0.25000000000000000        1.1751681315413566E-010   4.7006725261654264E-010  0.24999999987608107        0.0000000000000000        0.0000000000000000     
 -0.80000000000000204        1.5986870106011004       0.25000000000000000        1.1716812136849073E-010   4.6867248547396291E-010  0.24999999987642654        0.0000000000000000        0.0000000000000000     
 -0.79666666666666874        1.5993697979634327       0.25000000000000000        1.1681381208669834E-010   4.6725524834679335E-010  0.24999999987677765        0.0000000000000000        0.0000000000000000     
 -0.79333333333333544        1.6000632533458516       0.25000000000000000        1.1645390867714401E-010   4.6581563470857604E-010  0.24999999987713362        0.0000000000000000        0.0000000000000000     
 -0.79000000000000214        1.6007675160998518       0.25000000000000000        1.1608843528041307E-010   4.6435374112165228E-010  0.24999999987749558        0.0000000000000000        0.0000000000000000     
 -0.78666666666666885        1.6014827225532897       0.25000000000000000        1.1571741680932712E-010   4.6286966723730847E-010  0.24999999987786228        0.0000000000000000        0.0000000000000000     
 -0.78333333333333555        1.6022090059128944       0.25000000000000000        1.1534087894885340E-010   4.6136351579541361E-010  0.24999999987823307        0.0000000000000000        0.0000000000000000     
 -0.78000000000000225        1.6029464961654323       0.25000000000000000        1.1495884815588636E-010   4.5983539262354546E-010  0.24999999987861382        0.0000000000000000        0.0000000000000000     
 -0.77666666666666895        1.6036953199775141       0.25000000000000000        1.1457135165890257E-010   4.5828540663561026E-010  0.24999999987899663        0.0000000000000000        0.0000000000000000     
 -0.77333333333333565        1.6044556005941171       0.25000000000000000        1.1417841745748873E-010   4.5671366982995491E-010  0.24999999987938287        0.0000000000000000        0.0000000000000000     
 -0.77000000000000235        1.6052274577358252       0.25000000000000000        1.1378007432173864E-010   4.5512029728695457E-010  0.24999999987977597        0.0000000000000000        0.0000000000000000     
 -0.76666666666666905        1.6060110074948148       0.25000000000000000        1.1337635179152372E-010   4.5350540716609488E-010  0.24999999988017538        0.0000000000000000        0.0000000000000000     
 -0.76333333333333575        1.6068063622296571       0.25000000000000000        1.1296728017563108E-010   4.5186912070252431E-010  0.24999999988057658        0.0000000000000000        0.0000000000000000     
 -0.76000000000000245        1.6076136304589703       0.25000000000000000        1.1255289055077458E-010   4.5021156220309833E-010  0.24999999988098434        0.0000000000000000        0.0000000000000000     
 -0.75666666666666915        1.6084329167539335       0.25000000000000000        1.1213321476047250E-010   4.4853285904189001E-010  0.24999999988139834        0.0000000000000000        0.0000000000000000     
 -0.75333333333333585        1.6092643216297655       0.25000000000000000        1.1170828541379698E-010   4.4683314165518791E-010  0.24999999988181928        0.0000000000000000        0.0000000000000000     
 -0.75000000000000255        1.6101079414361847       0.25000000000000000        1.1127813588398979E-010   4.4511254353595917E-010  0.24999999988224209        0.0000000000000000        0.0000000000000000     
 -0.74666666666666925        1.6109638682469267       0.25000000000000000        1.1084280030694734E-010   4.4337120122778936E-010  0.24999999988267002        0.0000000000000000        0.0000000000000000     
 -0.74333333333333595        1.6118321897483843       0.25000000000000000        1.1040231357957508E-010   4.4160925431830032E-010  0.24999999988310223        0.0000000000000000        0.0000000000000000     
 -0.74000000000000266        1.6127129891274181       0.25000000000000000        1.0995671135800662E-010   4.3982684543202648E-010  0.24999999988354141        0.0000000000000000        0.0000000000000000     
 -0.73666666666666936        1.6136063449584315       0.25000000000000000        1.0950603005569305E-010   4.3802412022277220E-010  0.24999999988398308        0.0000000000000000        0.0000000000000000     
 -0.73333333333333606        1.6145123310897922       0.25000000000000000        1.0905030684135870E-010   4.3620122736543482E-010  0.24999999988443045        0.0000000000000000        0.0000000000000000     
 -0.73000000000000276        1.6154310165296430       0.25000000000000000        1.0858957963682039E-010   4.3435831854728157E-010  0.24999999988488208        0.0000000000000000        0.0000000000000000     
 -0.72666666666666946        1.6163624653312509       0.25000000000000000        1.0812388711468059E-010   4.3249554845872236E-010  0.24999999988534027        0.0000000000000000        0.0000000000000000     
 -0.72333333333333616        1.6173067364779246       0.25000000000000000        1.0765326869587798E-010   4.3061307478351192E-010  0.24999999988579882        0.0000000000000000        0.0000000000000000     
 -0.72000000000000286        1.6182638837676546       0.25000000000000000        1.0717776454711378E-010   4.2871105818845510E-010  0.24999999988626606        0.0000000000000000        0.0000000000000000     
 -0.71666666666666956        1.6192339556975304       0.25000000000000000        1.0669741557813526E-010   4.2678966231254105E-010  0.24999999988673424        0.0000000000000000        0.0000000000000000     
 -0.71333333333333626        1.6202169953481067       0.25000000000000000        1.0621226343889228E-010   4.2484905375556913E-010  0.24999999988721042        0.0000000000000000        0.0000000000000000     
 -0.71000000000000296        1.6212130402677545       0.25000000000000000        1.0572235051655674E-010   4.2288940206622695E-010  0.24999999988768754        0.0000000000000000        0.0000000000000000     
 -0.70666666666666966        1.6222221223572149       0.25000000000000000        1.0522771993240777E-010   4.2091087972963109E-010  0.24999999988817267        0.0000000000000000        0.0000000000000000     
 -0.70333333333333636        1.6232442677543881       0.25000000000000000        1.0472841553858347E-010   4.1891366215433387E-010  0.24999999988865995        0.0000000000000000        0.0000000000000000     
 -0.70000000000000306        1.6242794967196030       0.25000000000000000        1.0422448191469934E-010   4.1689792765879738E-010  0.24999999988915236        0.0000000000000000        0.0000000000000000     
 -0.69666666666666976        1.6253278235213844       0.25000000000000000        1.0371596436433244E-010   4.1486385745732976E-010  0.24999999988964736        0.0000000000000000        0.0000000000000000     
 -0.69333333333333647        1.6263892563230138       0.25000000000000000        1.0320290891136841E-010   4.1281163564547363E-010  0.24999999989014596        0.0000000000000000        0.0000000000000000     
 -0.69000000000000317        1.6274637970699080       0.25000000000000000        1.0268536229622114E-010   4.1074144918488456E-010  0.24999999989065297        0.0000000000000000        0.0000000000000000     
 -0.68666666666666987        1.6285514413780704       0.25000000000000000        1.0216337197191228E-010   4.0865348788764910E-010  0.24999999989115879        0.0000000000000000        0.0000000000000000     
 -0.68333333333333657        1.6296521784237832       0.25000000000000000        1.0163698610002045E-010   4.0654794440008178E-010  0.24999999989166993        0.0000000000000000        0.0000000000000000     
 -0.68000000000000327        1.6307659908346677       0.25000000000000000        1.0110625354649552E-010   4.0442501418598210E-010  0.24999999989218666        0.0000000000000000        0.0000000000000000     
 -0.67666666666666997        1.6318928545823759       0.25000000000000000        1.0057122387734317E-010   4.0228489550937267E-010  0.24999999989270583        0.0000000000000000        0.0000000000000000     
 -0.67333333333333667        1.6330327388770804       0.25000000000000000        1.0003194735416992E-010   4.0012778941667970E-010  0.24999999989322944        0.0000000000000000        0.0000000000000000     
 -0.67000000000000337        1.6341856060639766       0.25000000000000000        9.9488474929601775E-011   3.9795389971840710E-010  0.24999999989375687        0.0000000000000000        0.0000000000000000     
 -0.66666666666667007        1.6353514115220278       0.25000000000000000        9.8940858242567510E-011   3.9576343297027004E-010  0.24999999989428534        0.0000000000000000        0.0000000000000000     
 -0.66333333333333677        1.6365301035651914       0.25000000000000000        9.8389149613449526E-011   3.9355659845379810E-010  0.24999999989481969        0.0000000000000000        0.0000000000000000     
 -0.66000000000000347        1.6377216233463403       0.25000000000000000        9.7833402039103334E-011   3.9133360815641334E-010  0.24999999989535610        0.0000000000000000        0.0000000000000000     
 -0.65666666666667017        1.6389259047641822       0.25000000000000000        9.7273669187747066E-011   3.8909467675098827E-010  0.24999999989589708        0.0000000000000000        0.0000000000000000     
 -0.65333333333333687        1.6401428743733903       0.25000000000000000        9.6710005393717232E-011   3.8684002157486893E-010  0.24999999989644056        0.0000000000000000        0.0000000000000000     
 -0.65000000000000357        1.6413724512982810       0.25000000000000000        9.6142465652096797E-011   3.8456986260838719E-010  0.24999999989698901        0.0000000000000000        0.0000000000000000     
 -0.64666666666667028        1.6426145471502649       0.25000000000000000        9.5571105613210285E-011   3.8228442245284114E-010  0.24999999989754015        0.0000000000000000        0.0000000000000000     
 -0.64333333333333698        1.6438690659494306       0.25000000000000000        9.4995981576992102E-011   3.7998392630796841E-010  0.24999999989809113        0.0000000000000000        0.0000000000000000     
 -0.64000000000000368        1.6451359040505620       0.25000000000000000        9.4417150487222866E-011   3.7766860194889146E-010  0.24999999989864899        0.0000000000000000        0.0000000000000000     
 -0.63666666666667038        1.6464149500738925       0.25000000000000000        9.3834669925639961E-011   3.7533867970255984E-010  0.24999999989920940        0.0000000000000000        0.0000000000000000     
 -0.63333333333333708        1.6477060848409817       0.25000000000000000        9.3248598105917394E-011   3.7299439242366958E-010  0.24999999989977137        0.0000000000000000        0.0000000000000000     
 -0.63000000000000378        1.6490091813160723       0.25000000000000000        9.2658993867520944E-011   3.7063597547008378E-010  0.24999999990033764        0.0000000000000000        0.0000000000000000     
 -0.62666666666667048        1.6503241045532682       0.25000000000000000        9.2065916669434109E-011   3.6826366667773644E-010  0.24999999990090424        0.0000000000000000        0.0000000000000000     
 -0.62333333333333718        1.6516507116499732       0.25000000000000000        9.1469426583759091E-011   3.6587770633503636E-010  0.24999999990147578        0.0000000000000000        0.0000000000000000     
 -0.62000000000000388        1.6529888517069764       0.25000000000000000        9.0869584289192912E-011   3.6347833715677165E-010  0.24999999990204816        0.0000000000000000        0.0000000000000000     
 -0.61666666666667058        1.6543383657956203       0.25000000000000000        9.0266451064378603E-011   3.6106580425751441E-010  0.24999999990262470        0.0000000000000000        0.0000000000000000     
 -0.61333333333333728        1.6556990869325099       0.25000000000000000        8.9660088781129726E-011   3.5864035512451890E-010  0.24999999990320623        0.0000000000000000        0.0000000000000000     
 -0.61000000000000398        1.6570708400622056       0.25000000000000000        8.9050559897537712E-011   3.5620223959015085E-010  0.24999999990378488        0.0000000000000000        0.0000000000000000     
 -0.60666666666667068        1.6584534420484376       0.25000000000000000        8.8437927450949278E-011   3.5375170980379711E-010  0.24999999990436708        0.0000000000000000        0.0000000000000000     
 -0.60333333333333738        1.6598467016742997       0.25000000000000000        8.7822255050830058E-011   3.5128902020332023E-010  0.24999999990495445        0.0000000000000000        0.0000000000000000     
 -0.60000000000000409        1.6612504196519777       0.25000000000000000        8.7203606871499936E-011   3.4881442748599974E-010  0.24999999990554220        0.0000000000000000        0.0000000000000000     
 -0.59666666666667079        1.6626643886426005       0.25000000000000000        8.6582047644756267E-011   3.4632819057902507E-010  0.24999999990612976        0.0000000000000000        0.0000000000000000     
 -0.59333333333333749        1.6640883932867483       0.25000000000000000        8.5957642652370752E-011   3.4383057060948301E-010  0.24999999990672203        0.0000000000000000        0.0000000000000000     
 -0.59000000000000419        1.6655222102462430       0.25000000000000000        8.5330457718474401E-011   3.4132183087389760E-010  0.24999999990731658        0.0000000000000000        0.0000000000000000     
 -0.58666666666667089        1.6669656082578825       0.25000000000000000        8.4700559201822656E-011   3.3880223680729062E-010  0.24999999990791349        0.0000000000000000        0.0000000000000000     
 -0.58333333333333759        1.6684183481997359       0.25000000000000000        8.4068013987944674E-011   3.3627205595177870E-010  0.24999999990850835        0.0000000000000000        0.0000000000000000     
 -0.58000000000000429        1.6698801831707433       0.25000000000000000        8.3432889481178003E-011   3.3373155792471201E-010  0.24999999990910807        0.0000000000000000        0.0000000000000000     
 -0.57666666666667099        1.6713508585842920       0.25000000000000000        8.2795253596590479E-011   3.3118101438636192E-010  0.24999999990970934        0.0000000000000000        0.0000000000000000     
 -0.57333333333333769        1.6728301122765707       0.25000000000000000        8.2155174751787194E-011   3.2862069900714877E-010  0.24999999991031044        0.0000000000000000        0.0000000000000000     
 -0.57000000000000439        1.6743176746304653       0.25000000000000000        8.1512721858607956E-011   3.2605088743443182E-010  0.24999999991091476        0.0000000000000000        0.0000000000000000     
 -0.56666666666667109        1.6758132687158289       0.25000000000000000        8.0867964314713545E-011   3.2347185725885418E-010  0.24999999991151903        0.0000000000000000        0.0000000000000000     
 -0.56333333333333779        1.6773166104469821       0.25000000000000000        8.0220971995060724E-011   3.2088388798024290E-010  0.24999999991212379        0.0000000000000000        0.0000000000000000     
 -0.56000000000000449        1.6788274087583617       0.25000000000000000        7.9571815243272407E-011   3.1828726097308963E-010  0.24999999991273386        0.0000000000000000        0.0000000000000000     
 -0.55666666666667119        1.6803453657992136       0.25000000000000000        7.8920564862899073E-011   3.1568225945159629E-010  0.24999999991334099        0.0000000000000000        0.0000000000000000     
 -0.55333333333333790        1.6818701771483666       0.25000000000000000        7.8267292108573794E-011   3.1306916843429518E-010  0.24999999991394892        0.0000000000000000        0.0000000000000000     
 -0.55000000000000460        1.6834015320500735       0.25000000000000000        7.7612068677064763E-011   3.1044827470825905E-010  0.24999999991456043        0.0000000000000000        0.0000000000000000     
 -0.54666666666667130        1.6849391136719774       0.25000000000000000        7.6954966698223091E-011   3.0781986679289236E-010  0.24999999991516939        0.0000000000000000        0.0000000000000000     
 -0.54333333333333800        1.6864825993863601       0.25000000000000000        7.6296058725829154E-011   3.0518423490331662E-010  0.24999999991578289        0.0000000000000000        0.0000000000000000     
 -0.54000000000000470        1.6880316610757873       0.25000000000000000        7.5635417728339516E-011   3.0254167091335806E-010  0.24999999991639507        0.0000000000000000        0.0000000000000000     
 -0.53666666666667140        1.6895859654643830       0.25000000000000000        7.4973117079534033E-011   2.9989246831813613E-010  0.24999999991700758        0.0000000000000000        0.0000000000000000     
 -0.53333333333333810        1.6911451744760082       0.25000000000000000        7.4309230549064675E-011   2.9723692219625870E-010  0.24999999991761943        0.0000000000000000        0.0000000000000000     
 -0.53000000000000480        1.6927089456206212       0.25000000000000000        7.3643832292908887E-011   2.9457532917163555E-010  0.24999999991823341        0.0000000000000000        0.0000000000000000     
 -0.52666666666667150        1.6942769324102176       0.25000000000000000        7.2976996843728827E-011   2.9190798737491531E-010  0.24999999991884866        0.0000000000000000        0.0000000000000000     
 -0.52333333333333820        1.6958487848057597       0.25000000000000000        7.2308799101135501E-011   2.8923519640454200E-010  0.24999999991946106        0.0000000000000000        0.0000000000000000     
 -0.52000000000000490        1.6974241496965907       0.25000000000000000        7.1639314321863100E-011   2.8655725728745240E-010  0.24999999992007688        0.0000000000000000        0.0000000000000000     
 -0.51666666666667160        1.6990026714138362       0.25000000000000000        7.0968618109851542E-011   2.8387447243940617E-010  0.24999999992068739        0.0000000000000000        0.0000000000000000     
 -0.51333333333333830        1.7005839922794408       0.25000000000000000        7.0296786406240340E-011   2.8118714562496136E-010  0.24999999992130134        0.0000000000000000        0.0000000000000000     
 -0.51000000000000500        1.7021677531924457       0.25000000000000000        6.9623895479277811E-011   2.7849558191711125E-010  0.24999999992191471        0.0000000000000000        0.0000000000000000     
 -0.50666666666667171        1.7037535942542745       0.25000000000000000        6.8950021914140156E-011   2.7580008765656063E-010  0.24999999992253025        0.0000000000000000        0.0000000000000000     
 -0.50333333333333841        1.7053411554347420       0.25000000000000000        6.8275242602670975E-011   2.7310097041068390E-010  0.24999999992314204        0.0000000000000000        0.0000000000000000     
 -0.50000000000000511        1.7069300772807074       0.25000000000000000        6.7599634733036718E-011   2.7039853893214687E-010  0.24999999992375463        0.0000000000000000        0.0000000000000000     
 -0.49666666666667175        1.7085200016691844       0.25000000000000000        6.6923275779299764E-011   2.6769310311719906E-010  0.24999999992436697        0.0000000000000000        0.0000000000000000     
 -0.49333333333333840        1.7101105726069437       0.25000000000000000        6.6246243490916778E-011   2.6498497396366711E-010  0.24999999992497599        0.0000000000000000        0.0000000000000000     
 -0.49000000000000504        1.7117014370785735       0.25000000000000000        6.5568615882155613E-011   2.6227446352862245E-010  0.24999999992558705        0.0000000000000000        0.0000000000000000     
 -0.48666666666667169        1.7132922459450932       0.25000000000000000        6.4890471221438682E-011   2.5956188488575473E-010  0.24999999992619615        0.0000000000000000        0.0000000000000000     
 -0.48333333333333833        1.7148826548952700       0.25000000000000000        6.4211888020613090E-011   2.5684755208245236E-010  0.24999999992680536        0.0000000000000000        0.0000000000000000     
 -0.48000000000000498        1.7164723254517735       0.25000000000000000        6.3532945024147198E-011   2.5413178009658879E-010  0.24999999992741240        0.0000000000000000        0.0000000000000000     
 -0.47666666666667162        1.7180609260344524       0.25000000000000000        6.2853721198257697E-011   2.5141488479303079E-010  0.24999999992801758        0.0000000000000000        0.0000000000000000     
 -0.47333333333333827        1.7196481330829745       0.25000000000000000        6.2174295719969909E-011   2.4869718287987964E-010  0.24999999992862212        0.0000000000000000        0.0000000000000000     
 -0.47000000000000491        1.7212336322411452       0.25000000000000000        6.1494747966107838E-011   2.4597899186443135E-010  0.24999999992922645        0.0000000000000000        0.0000000000000000     
 -0.46666666666667156        1.7228171196052697       0.25000000000000000        6.0815157502223206E-011   2.4326063000889282E-010  0.24999999992982694        0.0000000000000000        0.0000000000000000     
 -0.46333333333333820        1.7243983030389010       0.25000000000000000        6.0135604071460011E-011   2.4054241628584004E-010  0.24999999993042618        0.0000000000000000        0.0000000000000000     
 -0.46000000000000485        1.7259769035563812       0.25000000000000000        5.9456167583357726E-011   2.3782467033343090E-010  0.24999999993102595        0.0000000000000000        0.0000000000000000     
 -0.45666666666667149        1.7275526567775441       0.25000000000000000        5.8776928102596168E-011   2.3510771241038467E-010  0.24999999993162317        0.0000000000000000        0.0000000000000000     
 -0.45333333333333814        1.7291253144559893       0.25000000000000000        5.8097965837683557E-011   2.3239186335073423E-010  0.24999999993221808        0.0000000000000000        0.0000000000000000     
 -0.45000000000000479        1.7306946460832406       0.25000000000000000        5.7419361129588215E-011   2.2967744451835286E-010  0.24999999993281014        0.0000000000000000        0.0000000000000000     
 -0.44666666666667143        1.7322604405711814       0.25000000000000000        5.6741194440318600E-011   2.2696477776127440E-010  0.24999999993340322        0.0000000000000000        0.0000000000000000     
 -0.44333333333333808        1.7338225080149723       0.25000000000000000        5.6063546341450369E-011   2.2425418536580148E-010  0.24999999993399261        0.0000000000000000        0.0000000000000000     
 -0.44000000000000472        1.7353806815386970       0.25000000000000000        5.5386497502605942E-011   2.2154599001042377E-010  0.24999999993457694        0.0000000000000000        0.0000000000000000     
 -0.43666666666667137        1.7369348192258229       0.25000000000000000        5.4710128679885201E-011   2.1884051471954080E-010  0.24999999993515948        0.0000000000000000        0.0000000000000000     
 -0.43333333333333801        1.7384848061364524       0.25000000000000000        5.4034520704252499E-011   2.1613808281700999E-010  0.24999999993574351        0.0000000000000000        0.0000000000000000     
 -0.43000000000000466        1.7400305564132292       0.25000000000000000        5.3359754469879137E-011   2.1343901787951655E-010  0.24999999993632224        0.0000000000000000        0.0000000000000000     
 -0.42666666666667130        1.7415720154775456       0.25000000000000000        5.2685910922445355E-011   2.1074364368978142E-010  0.24999999993690056        0.0000000000000000        0.0000000000000000     
 -0.42333333333333795        1.7431091623175121       0.25000000000000000        5.2013071047403574E-011   2.0805228418961430E-010  0.24999999993747546        0.0000000000000000        0.0000000000000000     
 -0.42000000000000459        1.7446420118689083       0.25000000000000000        5.1341315858204296E-011   2.0536526343281719E-010  0.24999999993804725        0.0000000000000000        0.0000000000000000     
 -0.41666666666667124        1.7461706174900318       0.25000000000000000        5.0670726384486768E-011   2.0268290553794707E-010  0.24999999993861649        0.0000000000000000        0.0000000000000000     
 -0.41333333333333788        1.7476950735310561       0.25000000000000000        5.0001383660237224E-011   2.0000553464094889E-010  0.24999999993918109        0.0000000000000000        0.0000000000000000     
 -0.41000000000000453        1.7492155179981324       0.25000000000000000        4.9333368711917019E-011   1.9733347484766807E-010  0.24999999993974495        0.0000000000000000        0.0000000000000000     
 -0.40666666666667117        1.7507321353120273       0.25000000000000000        4.8666762546560995E-011   1.9466705018624398E-010  0.24999999994030495        0.0000000000000000        0.0000000000000000     
 -0.40333333333333782        1.7522451591606552       0.25000000000000000        4.8001646139850828E-011   1.9200658455940331E-010  0.24999999994086100        0.0000000000000000        0.0000000000000000     
 -0.40000000000000446        1.7537548754442758       0.25000000000000000        4.7338100424162841E-011   1.8935240169665136E-010  0.24999999994141378        0.0000000000000000        0.0000000000000000     
 -0.39666666666667111        1.7552616253115809       0.25000000000000000        4.6676206276595020E-011   1.8670482510638008E-010  0.24999999994196714        0.0000000000000000        0.0000000000000000     
 -0.39333333333333775        1.7567658082842093       0.25000000000000000        4.6016044506972901E-011   1.8406417802789160E-010  0.24999999994251421        0.0000000000000000        0.0000000000000000     
 -0.39000000000000440        1.7582678854664846       0.25000000000000000        4.5357695845838963E-011   1.8143078338335585E-010  0.24999999994305666        0.0000000000000000        0.0000000000000000     
 -0.38666666666667104        1.7597683828364326       0.25000000000000000        4.4701240932425519E-011   1.7880496372970208E-010  0.24999999994359792        0.0000000000000000        0.0000000000000000     
 -0.38333333333333769        1.7612678946131455       0.25000000000000000        4.4046760302614608E-011   1.7618704121045843E-010  0.24999999994413538        0.0000000000000000        0.0000000000000000     
 -0.38000000000000433        1.7627670866947249       0.25000000000000000        4.3394334376887287E-011   1.7357733750754915E-010  0.24999999994466790        0.0000000000000000        0.0000000000000000     
 -0.37666666666667098        1.7642667001599055       0.25000000000000000        4.2744043448263592E-011   1.7097617379305437E-010  0.24999999994519859        0.0000000000000000        0.0000000000000000     
 -0.37333333333333762        1.7657675548253715       0.25000000000000000        4.2095967670235609E-011   1.6838387068094244E-010  0.24999999994572789        0.0000000000000000        0.0000000000000000     
 -0.37000000000000427        1.7672705528495576       0.25000000000000000        4.1450187044696428E-011   1.6580074817878571E-010  0.24999999994624894        0.0000000000000000        0.0000000000000000     
 -0.36666666666667092        1.7687766823724584       0.25000000000000000        4.0806781409867369E-011   1.6322712563946948E-010  0.24999999994676952        0.0000000000000000        0.0000000000000000     
 -0.36333333333333756        1.7702870211795112       0.25000000000000000        4.0165830428224216E-011   1.6066332171289686E-010  0.24999999994728334        0.0000000000000000        0.0000000000000000     
 -0.36000000000000421        1.7718027403762326       0.25000000000000000        3.9527413574426966E-011   1.5810965429770786E-010  0.24999999994779870        0.0000000000000000        0.0000000000000000     
 -0.35666666666667085        1.7733251080586483       0.25000000000000000        3.8891610123253026E-011   1.5556644049301210E-010  0.24999999994830654        0.0000000000000000        0.0000000000000000     
 -0.35333333333333750        1.7748554929630007       0.25000000000000000        3.8258499137538240E-011   1.5303399655015296E-010  0.24999999994881467        0.0000000000000000        0.0000000000000000     
 -0.35000000000000414        1.7763953680763991       0.25000000000000000        3.7628159456126267E-011   1.5051263782450507E-010  0.24999999994931549        0.0000000000000000        0.0000000000000000     
 -0.34666666666667079        1.7779463141883964       0.25000000000000000        3.7000669681829508E-011   1.4800267872731803E-010  0.24999999994981470        0.0000000000000000        0.0000000000000000     
 -0.34333333333333743        1.7795100233615218       0.25000000000000000        3.6376108169404092E-011   1.4550443267761637E-010  0.24999999995030903        0.0000000000000000        0.0000000000000000     
 -0.34000000000000408        1.7810883022969795       0.25000000000000000        3.5754553013540408E-011   1.4301821205416163E-010  0.24999999995079963        0.0000000000000000        0.0000000000000000     
 -0.33666666666667072        1.7826830755697076       0.25000000000000000        3.5136082036871583E-011   1.4054432814748633E-010  0.24999999995128802        0.0000000000000000        0.0000000000000000     
 -0.33333333333333737        1.7842963887050387       0.25000000000000000        3.4520772778002729E-011   1.3808309111201092E-010  0.24999999995177319        0.0000000000000000        0.0000000000000000     
 -0.33000000000000401        1.7859304110672394       0.25000000000000000        3.3908702479563191E-011   1.3563480991825276E-010  0.24999999995225511        0.0000000000000000        0.0000000000000000     
 -0.32666666666667066        1.7875874385281416       0.25000000000000000        3.3299948076282984E-011   1.3319979230513193E-010  0.24999999995273456        0.0000000000000000        0.0000000000000000     
 -0.32333333333333730        1.7892698958822066       0.25000000000000000        3.2694586183097530E-011   1.3077834473239012E-010  0.24999999995321243        0.0000000000000000        0.0000000000000000     
 -0.32000000000000395        1.7909803389723675       0.25000000000000000        3.2092693083280912E-011   1.2837077233312365E-010  0.24999999995368094        0.0000000000000000        0.0000000000000000     
 -0.31666666666667059        1.7927214564892340       0.25000000000000000        3.1494344716611922E-011   1.2597737886644769E-010  0.24999999995415262        0.0000000000000000        0.0000000000000000     
 -0.31333333333333724        1.7944960714043729       0.25000000000000000        3.0899616667573311E-011   1.2359846667029324E-010  0.24999999995461991        0.0000000000000000        0.0000000000000000     
 -0.31000000000000388        1.7963071419969248       0.25000000000000000        3.0308584153588292E-011   1.2123433661435317E-010  0.24999999995508382        0.0000000000000000        0.0000000000000000     
 -0.30666666666667053        1.7981577624311749       0.25000000000000000        2.9721322013294895E-011   1.1888528805317958E-010  0.24999999995554689        0.0000000000000000        0.0000000000000000     
 -0.30333333333333717        1.8000511628415636       0.25000000000000000        2.9137904694861552E-011   1.1655161877944621E-010  0.24999999995600661        0.0000000000000000        0.0000000000000000     
 -0.30000000000000382        1.8019907088804581       0.25000000000000000        2.8558406244346042E-011   1.1423362497738417E-010  0.24999999995646577        0.0000000000000000        0.0000000000000000     
 -0.29666666666667046        1.8039799006832296       0.25000000000000000        2.7982900294099669E-011   1.1193160117639868E-010  0.24999999995692254        0.0000000000000000        0.0000000000000000     
 -0.29333333333333711        1.8060223712046592       0.25000000000000000        2.7411460051218831E-011   1.0964584020487533E-010  0.24999999995737571        0.0000000000000000        0.0000000000000000     
 -0.29000000000000375        1.8081218838804061       0.25000000000000000        2.6844158286046743E-011   1.0737663314418697E-010  0.24999999995782954        0.0000000000000000        0.0000000000000000     
 -0.28666666666667040        1.8102823295674133       0.25000000000000000        2.6281067320727573E-011   1.0512426928291029E-010  0.24999999995828273        0.0000000000000000        0.0000000000000000     
 -0.28333333333333705        1.8125077227175732       0.25000000000000000        2.5722259017814276E-011   1.0288903607125710E-010  0.24999999995873343        0.0000000000000000        0.0000000000000000     
 -0.28000000000000369        1.8148021967397505       0.25000000000000000        2.5167804768933783E-011   1.0067121907573513E-010  0.24999999995918384        0.0000000000000000        0.0000000000000000     
 -0.27666666666667034        1.8171699985065020       0.25000000000000000        2.4617775483510245E-011   9.8471101934040980E-011  0.24999999995963526        0.0000000000000000        0.0000000000000000     
 -0.27333333333333698        1.8196154819634092       0.25000000000000000        2.4072241577550033E-011   9.6288966310200131E-011  0.24999999996008471        0.0000000000000000        0.0000000000000000     
 -0.27000000000000363        1.8221431008008997       0.25000000000000000        2.3531272962489330E-011   9.4125091849957320E-011  0.24999999996053202        0.0000000000000000        0.0000000000000000     
 -0.26666666666667027        1.8247574001507736       0.25000000000000000        2.2994939034107359E-011   9.1979756136429435E-011  0.24999999996098446        0.0000000000000000        0.0000000000000000     
 -0.26333333333333692        1.8274630072723141       0.25000000000000000        2.2463308661507444E-011   8.9853234646029775E-011  0.24999999996143546        0.0000000000000000        0.0000000000000000     
 -0.26000000000000356        1.8302646211959339       0.25000000000000000        2.1936450176167592E-011   8.7745800704670368E-011  0.24999999996189023        0.0000000000000000        0.0000000000000000     
 -0.25666666666667021        1.8331670012953898       0.25000000000000000        2.1414431361062818E-011   8.5657725444251271E-011  0.24999999996234304        0.0000000000000000        0.0000000000000000     
 -0.25333333333333685        1.8361749547632884       0.25000000000000000        2.0897319439861773E-011   8.3589277759447091E-011  0.24999999996279862        0.0000000000000000        0.0000000000000000     
 -0.25000000000000350        1.8392933229678736       0.25000000000000000        2.0385181066199743E-011   8.1540724264798972E-011  0.24999999996325561        0.0000000000000000        0.0000000000000000     
 -0.24666666666667017        1.8425269666729831       0.25000000000000000        1.9878082313029443E-011   7.9512329252117774E-011  0.24999999996371502        0.0000000000000000        0.0000000000000000     
 -0.24333333333333684        1.8458807501062535       0.25000000000000000        1.9376088662052785E-011   7.7504354648211140E-011  0.24999999996417910        0.0000000000000000        0.0000000000000000     
 -0.24000000000000352        1.8493595238641904       0.25000000000000000        1.8879264993235042E-011   7.5517059972940167E-011  0.24999999996464398        0.0000000000000000        0.0000000000000000     
 -0.23666666666667019        1.8529681066454529       0.25000000000000000        1.8387675574403093E-011   7.3550702297612371E-011  0.24999999996511310        0.0000000000000000        0.0000000000000000     
 -0.23333333333333686        1.8567112658061860       0.25000000000000000        1.7901384050931260E-011   7.1605536203725040E-011  0.24999999996558411        0.0000000000000000        0.0000000000000000     
 -0.23000000000000353        1.8605936967328764       0.25000000000000000        1.7420453435515329E-011   6.9681813742061315E-011  0.24999999996606101        0.0000000000000000        0.0000000000000000     
 -0.22666666666667021        1.8646200010290097       0.25000000000000000        1.6944946098037279E-011   6.7779784392149115E-011  0.24999999996654088        0.0000000000000000        0.0000000000000000     
 -0.22333333333333688        1.8687946635114541       0.25000000000000000        1.6474923755523256E-011   6.5899695022093023E-011  0.24999999996702332        0.0000000000000000        0.0000000000000000     
 -0.22000000000000355        1.8731220280107985       0.25000000000000000        1.6010447462195912E-011   6.4041789848783647E-011  0.24999999996751260        0.0000000000000000        0.0000000000000000     
 -0.21666666666667023        1.8776062719665763       0.25000000000000000        1.5551577599623733E-011   6.2206310398494932E-011  0.24999999996800479        0.0000000000000000        0.0000000000000000     
 -0.21333333333333690        1.8822513798031901       0.25000000000000000        1.5098373866969311E-011   6.0393495467877245E-011  0.24999999996850142        0.0000000000000000        0.0000000000000000     
 -0.21000000000000357        1.8870611150649046       0.25000000000000000        1.4650895271338217E-011   5.8603581085352867E-011  0.24999999996900549        0.0000000000000000        0.0000000000000000     
 -0.20666666666667025        1.8920389912785720       0.25000000000000000        1.4209200118230153E-011   5.6836800472920613E-011  0.24999999996951092        0.0000000000000000        0.0000000000000000     
 -0.20333333333333692        1.8971882415000969       0.25000000000000000        1.3773346002095677E-011   5.5093384008382709E-011  0.24999999997002459        0.0000000000000000        0.0000000000000000     
 -0.20000000000000359        1.9025117864847485       0.25000000000000000        1.3343389796998173E-011   5.3373559187992690E-011  0.24999999997054007        0.0000000000000000        0.0000000000000000     
 -0.19666666666667026        1.9080122014021905       0.25000000000000000        1.2919387647385466E-011   5.1677550589541863E-011  0.24999999997106032        0.0000000000000000        0.0000000000000000     
 -0.19333333333333694        1.9136916809934650       0.25000000000000000        1.2501394958970502E-011   5.0005579835882007E-011  0.24999999997158728        0.0000000000000000        0.0000000000000000     
 -0.19000000000000361        1.9195520030392714       0.25000000000000000        1.2089466389724996E-011   4.8357865558899984E-011  0.24999999997211736        0.0000000000000000        0.0000000000000000     
 -0.18666666666667028        1.9255944899757786       0.25000000000000000        1.1683655840986553E-011   4.6734623363946212E-011  0.24999999997265249        0.0000000000000000        0.0000000000000000     
 -0.18333333333333696        1.9318199684552613       0.25000000000000000        1.1284016448681463E-011   4.5136065794725854E-011  0.24999999997318803        0.0000000000000000        0.0000000000000000     
 -0.18000000000000363        1.9382287266035088       0.25000000000000000        1.0890600574665214E-011   4.3562402298660856E-011  0.24999999997372976        0.0000000000000000        0.0000000000000000     
 -0.17666666666667030        1.9448204686730735       0.25000000000000000        1.0503459798181946E-011   4.2013839192727782E-011  0.24999999997427208        0.0000000000000000        0.0000000000000000     
 -0.17333333333333698        1.9515942667302437       0.25000000000000000        1.0122644907445008E-011   4.0490579629780033E-011  0.24999999997481787        0.0000000000000000        0.0000000000000000     
 -0.17000000000000365        1.9585485089427279       0.25000000000000000        9.7482058913402787E-012   3.8992823565361115E-011  0.24999999997536554        0.0000000000000000        0.0000000000000000     
 -0.16666666666667032        1.9656808439529194       0.25000000000000000        9.3801919312535494E-012   3.7520767725014198E-011  0.24999999997591504        0.0000000000000000        0.0000000000000000     
 -0.16333333333333699        1.9729881207269737       0.25000000000000000        9.0186513930242487E-012   3.6074605572096995E-011  0.24999999997646313        0.0000000000000000        0.0000000000000000     
 -0.16000000000000367        1.9804663231600683       0.25000000000000000        8.6636318190264984E-012   3.4654527276105994E-011  0.24999999997701078        0.0000000000000000        0.0000000000000000     
 -0.15666666666667034        1.9881104985913538       0.25000000000000000        8.3151799203797202E-012   3.3260719681518881E-011  0.24999999997755698        0.0000000000000000        0.0000000000000000     
 -0.15333333333333701        1.9959146792348017       0.25000000000000000        7.9733415692898060E-012   3.1893366277159224E-011  0.24999999997810177        0.0000000000000000        0.0000000000000000     
 -0.15000000000000369        2.0038717953612877       0.25000000000000000        7.6381617915229683E-012   3.0552647166091873E-011  0.24999999997864519        0.0000000000000000        0.0000000000000000     
 -0.14666666666667036        2.0119735788685236       0.25000000000000000        7.3096847590132693E-012   2.9238739036053077E-011  0.24999999997918243        0.0000000000000000        0.0000000000000000     
 -0.14333333333333703        2.0202104556440132       0.25000000000000000        6.9879537826058390E-012   2.7951815130423356E-011  0.24999999997971628        0.0000000000000000        0.0000000000000000     
 -0.14000000000000370        2.0285714248561670       0.25000000000000000        6.6730113049368389E-012   2.6692045219747355E-011  0.24999999998024280        0.0000000000000000        0.0000000000000000     
 -0.13666666666667038        2.0370439229935116       0.25000000000000000        6.3648988934518883E-012   2.5459595573807553E-011  0.24999999998076511        0.0000000000000000        0.0000000000000000     
 -0.13333333333333705        2.0456136701030436       0.25000000000000000        6.0636572335643777E-012   2.4254628934257511E-011  0.24999999998128036        0.0000000000000000        0.0000000000000000     
 -0.13000000000000372        2.0542644952474931       0.25000000000000000        5.7693261219548446E-012   2.3077304487819379E-011  0.24999999998178860        0.0000000000000000        0.0000000000000000     
 -0.12666666666667040        2.0629781376962200       0.25000000000000000        5.4819444600130824E-012   2.1927777840052330E-011  0.24999999998228545        0.0000000000000000        0.0000000000000000     
 -0.12333333333333707        2.0717340197737775       0.25000000000000000        5.2015502474241494E-012   2.0806200989696598E-011  0.24999999998277483        0.0000000000000000        0.0000000000000000     
 -0.12000000000000374        2.0805089865999244       0.25000000000000000        4.9281805758994596E-012   1.9712722303597838E-011  0.24999999998325365        0.0000000000000000        0.0000000000000000     
 -0.11666666666667042        2.0892770071499545       0.25000000000000000        4.6618716230547615E-012   1.8647486492219046E-011  0.24999999998372260        0.0000000000000000        0.0000000000000000     
 -0.11333333333333709        2.0980088301289319       0.25000000000000000        4.4026586464354814E-012   1.7610634585741926E-011  0.24999999998418063        0.0000000000000000        0.0000000000000000     
 -0.11000000000000376        2.1066715870719093       0.25000000000000000        4.1505759776915080E-012   1.6602303910766032E-011  0.24999999998462713        0.0000000000000000        0.0000000000000000     
 -0.10666666666667043        2.1152283338406197       0.25000000000000000        3.9056570169018053E-012   1.5622628067607221E-011  0.24999999998506001        0.0000000000000000        0.0000000000000000     
 -0.10333333333333711        2.1236375202761835       0.25000000000000000        3.6679342270507101E-012   1.4671736908202840E-011  0.24999999998548417        0.0000000000000000        0.0000000000000000     
 -0.10000000000000378        2.1318523761868327       0.25000000000000000        3.4374391286566067E-012   1.3749756514626427E-011  0.24999999998589587        0.0000000000000000        0.0000000000000000     
  -9.6666666666670453E-002   2.1398202001159263       0.25000000000000000        3.2142022945542244E-012   1.2856809178216898E-011  0.24999999998629741        0.0000000000000000        0.0000000000000000     
  -9.3333333333337126E-002   2.1474815354925170       0.25000000000000000        2.9982533448316701E-012   1.1993013379326680E-011  0.24999999998668745        0.0000000000000000        0.0000000000000000     
  -9.0000000000003799E-002   2.1547692169030461       0.25000000000000000        2.7896209419232144E-012   1.1158483767692857E-011  0.24999999998707012        0.0000000000000000        0.0000000000000000     
  -8.6666666666670472E-002   2.1616072674985038       0.25000000000000000        2.5883327858588245E-012   1.0353331143435298E-011  0.24999999998744354        0.0000000000000000        0.0000000000000000     
  -8.3333333333337145E-002   2.1679096272352947       0.25000000000000000        2.3944156096713486E-012   9.5776624386853942E-012  0.24999999998781491        0.0000000000000000        0.0000000000000000     
  -8.0000000000003818E-002   2.1735786911768398       0.25000000000000000        2.2078951749625603E-012   8.8315806998502414E-012  0.24999999998817915        0.0000000000000000        0.0000000000000000     
  -7.6666666666670491E-002   2.1785036381405924       0.25000000000000000        2.0287962676285871E-012   8.1151850705143484E-012  0.24999999998854003        0.0000000000000000        0.0000000000000000     
  -7.3333333333337164E-002   2.1825585336131712       0.25000000000000000        1.8571426937460168E-012   7.4285707749840672E-012  0.24999999998890127        0.0000000000000000        0.0000000000000000     
  -7.0000000000003837E-002   2.1856001986503100       0.25000000000000000        1.6929572756191594E-012   6.7718291024766374E-012  0.24999999998926908        0.0000000000000000        0.0000000000000000     
  -6.6666666666670510E-002   2.1874658507453679       0.25000000000000000        1.5362618479895832E-012   6.1450473919583327E-012  0.24999999998964340        0.0000000000000000        0.0000000000000000     
  -6.3333333333337183E-002   2.1879705467112425       0.25000000000000000        1.3870772544085183E-012   5.5483090176340730E-012  0.24999999999002914        0.0000000000000000        0.0000000000000000     
  -6.0000000000003849E-002   2.1869044961056061       0.25000000000000000        1.2454233437729394E-012   4.9816933750917576E-012  0.24999999999043360        0.0000000000000000        0.0000000000000000     
  -5.6666666666670515E-002   2.1840303728487784       0.25000000000000000        1.1113189670260552E-012   4.4452758681042208E-012  0.24999999999085948        0.0000000000000000        0.0000000000000000     
  -5.3333333333337181E-002   2.1790808403331532       0.25000000000000000        9.8478197402288028E-013   3.9391278960915211E-012  0.24999999999131159        0.0000000000000000        0.0000000000000000     
  -5.0000000000003847E-002   2.1717566307171574       0.25000000000000000        8.6582921056152335E-013   3.4633168422460934E-012  0.24999999999179418        0.0000000000000000        0.0000000000000000     
  -4.6666666666670513E-002   2.1617256913980203       0.25000000000000000        7.5447651558080838E-013   3.0179060623232335E-012  0.24999999999231443        0.0000000000000000        0.0000000000000000     
  -4.3333333333337179E-002   2.1486241367231078       0.25000000000000000        6.5073871852482550E-013   2.6029548740993020E-012  0.24999999999287148        0.0000000000000000        0.0000000000000000     
  -4.0000000000003845E-002   2.1320600169901809       0.25000000000000000        5.5462963687495390E-013   2.2185185474998156E-012  0.24999999999347125        0.0000000000000000        0.0000000000000000     
  -3.6666666666670511E-002   2.1116212152525491       0.25000000000000000        4.6616207384984210E-013   1.8646482953993684E-012  0.24999999999411110        0.0000000000000000        0.0000000000000000     
  -3.3333333333337177E-002   2.0868890441715795       0.25000000000000000        3.8534781627386091E-013   1.5413912650954436E-012  0.24999999999478750        0.0000000000000000        0.0000000000000000     
  -3.0000000000003843E-002   2.0574592227678790       0.25000000000000000        3.1219763261443535E-013   1.2487905304577414E-012  0.24999999999549055        0.0000000000000000        0.0000000000000000     
  -2.6666666666670509E-002   2.0229716783301828       0.25000000000000000        2.4672127118869016E-013   9.8688508475476066E-013  0.24999999999621225        0.0000000000000000        0.0000000000000000     
  -2.3333333333337175E-002   1.9831497918985190       0.25000000000000000        1.8892745853975895E-013   7.5570983415903581E-013  0.24999999999693223        0.0000000000000000        0.0000000000000000     
  -2.0000000000003841E-002   1.9378480361768979       0.25000000000000000        1.3882389798310767E-013   5.5529559193243070E-013  0.24999999999762978        0.0000000000000000        0.0000000000000000     
  -1.6666666666670507E-002   1.8871043356402404       0.25000000000000000        9.6417268323169372E-014   3.8566907329267749E-013  0.24999999999828132        0.0000000000000000        0.0000000000000000     
  -1.3333333333337173E-002   1.8311901705253670       0.25000000000000000        6.1713222740553711E-014   2.4685289096221484E-013  0.24999999999886002        0.0000000000000000        0.0000000000000000     
  -1.0000000000003839E-002   1.7706482938949015       0.25000000000000000        3.4716387850063987E-014   1.3886555140025595E-013  0.24999999999934108        0.0000000000000000        0.0000000000000000     
  -6.6666666666705052E-003   1.7063063735548525       0.25000000000000000        1.5430362929718600E-014   6.1721451718874401E-014  0.24999999999970032        0.0000000000000000        0.0000000000000000     
  -3.3333333333371716E-003   1.6392565142864548       0.25000000000000000        3.8577193209349737E-015   1.5430877283739895E-014  0.24999999999992392        0.0000000000000000        0.0000000000000000     
  -3.8380756905986857E-015   1.5707963267949756       0.25000000000000000        5.1145217694638678E-039   2.0458087077855471E-038  0.25000000000000000        0.0000000000000000        0.0000000000000000     
