 ===================
          1
 ===================
 Matrix A
  4.0 -2.0  1.0
  3.0  6.0 -4.0
  2.0  1.0  8.0
 
 Inverse
  0.1977  0.0646  0.0076
 -0.1217  0.1141  0.0722
 -0.0342 -0.0304  0.1141
 
 Inverse*263
 52.0 17.0  2.0
-32.0 30.0 19.0
 -9.0 -8.0 30.0
 
 A*A^-1
  1.0 -0.0  0.0
 -0.0  1.0 -0.0
 -0.0 -0.0  1.0
 
 A^-1*A (DGEMM)
  1.0 -0.0*****
  0.0  1.0*****
  0.0  0.0*****
 A^-1*A (MATMUL)
  1.0 -0.0  0.0
  0.0  1.0  0.0
  0.0  0.0  1.0
 
 ===================
          2
 ===================
b1 =   12.0  -25.0   32.0
x1 =    1.0   -2.0    4.0
 
b2 =    4.0  -10.0   22.0
x2 =  0.312 -0.038  2.677
 
b3 =   20.0  -30.0   40.0
x3 =  2.319 -2.966  4.791
 
 ===================
          3
 ===================
 A
  1.0  2.0
 -2.0  1.0
 
 Real(lambda)
  1.000  1.000
 Imaginary(lambda)
  2.000 -2.000
 
 Eigenvectors
  real, imaginary
  0.000 -0.707
  0.707  0.000
 
 ===================
          4
 ===================
 A
 -2.0  2.0 -3.0
  2.0  1.0 -6.0
 -1.0 -2.0  0.0
 
 Lambda
 -3.0  5.0 -3.0
 
 Eigenvectors
   x1     x2     x3
 -0.953  0.408  0.052
  0.272  0.816  0.823
 -0.136 -0.408  0.566
 
 ===================
          5
 ===================
  1.0  0.0  0.0  0.0  0.0  0.0  0.0  0.0 -0.0 -0.0 -0.0  0.0  0.0  0.0 -0.0 -0.0  0.0 -0.0  0.0  0.0 -0.0  0.0 -0.0 -0.0  0.0  0.0 -0.0 -0.0  0.0  0.0 -0.0  0.0 -0.0 -0.0  0.0 -0.0 -0.0 -0.0  0.0 -0.0  0.0  0.0  0.0 -0.0 -0.0 -0.0  0.0  0.0  0.0  0.0  0.0 -0.0 -0.0 -0.0 -0.0 -0.0  0.0 -0.0 -0.0  0.0  0.0  0.0 -0.0  0.0  0.0  0.0  0.0  0.0 -0.0 -0.0  0.0  0.0  0.0 -0.0 -0.0 -0.0  0.0  0.0 -0.0 -0.0  0.0  0.0  0.0 -0.0  0.0  0.0 -0.0 -0.0  0.0 -0.0  0.0 -0.0 -0.0 -0.0 -0.0 -0.0 -0.0  0.0  0.0  0.0
