  0.65907679643174588        4.1411561392168403E-003
  0.65822777185747883        8.2719695534335010E-003
  0.65732804463783689        1.2391809398040432E-002
  0.65637815275253619        1.6500056520268040E-002
  0.65537864962152970        2.0596103802138405E-002
  0.65433010339732722        2.4679356481475158E-002
  0.65323309625036829        2.8749232450815142E-002
  0.65208822364899544        3.2805162534128109E-002
  0.65089609363553735        3.6846590741310269E-002
  0.64965732609999816        4.0872974500477215E-002
  0.64837255205279942        4.4883784868138044E-002
  0.64704241289799602        4.8878506717388047E-002
  0.64566755970833611        5.2856638904309292E-002
  0.64424865250349783        5.6817694412819975E-002
  0.64278635953278274        6.0761200478260176E-002
  0.64128135656349616        6.4686698690047673E-002
  0.63973432617619452        6.8593745073780008E-002
  0.63814595706792099        7.2481910153199047E-002
  0.63651694336449738        7.6350778992470850E-002
  0.63484798394287822        8.0199951219268678E-002
  0.63313978176451879        8.4029041029177701E-002
  0.63139304322064305        8.7837677171969039E-002
  0.62960847749024262        9.1625502920315710E-002
  0.62778679591157072        9.5392176021546538E-002
  0.62592871136784045        9.9137368633053627E-002
  0.62403493768777030       0.10286076724198610     
  0.62210618906156478       0.10656207256987771     
  0.62014317947285336       0.11024099946286728     
  0.61814662214705596       0.11389727676818023     
  0.61611722901658628       0.11753064719754697     
  0.61405571020324135       0.12114086717823680     
  0.61196277351808248       0.12472770669238994     
  0.60983912397904416       0.12829094910532815     
  0.60768546334647355       0.13183039098352475     
  0.60550248967673526       0.13534584190290797     
  0.60329089689398407       0.13883712424816783     
  0.60105137438014999       0.14230407300372799     
  0.59878460658314514       0.14574653553703498     
  0.59649127264325430       0.14916437137480645     
  0.59417204603763318       0.15255745197286810     
  0.59182759424280451       0.15592566048019565     
  0.58945857841499882       0.15926889149776333     
  0.58706565308816316       0.16258705083278488     
  0.58464946588942091       0.16588005524891794     
  0.58221065727174848       0.16914783221298421     
  0.57974986026359376       0.17239031963873883     
  0.57726770023515039       0.17560746562820836     
  0.57476479468097286       0.17879922821109245     
  0.57224175301859659       0.18196557508270858     
  0.56969917640281287       0.18510648334093888     
  0.56713765755523016       0.18822193922261773     
  0.56455778060873729       0.19131193783977923     
  0.56196012096647630       0.19437648291616380     
  0.55934524517491568       0.19741558652436353     
  0.55671371081061261       0.20042926882396517     
  0.55406606638023859       0.20341755780103069     
  0.55140285123344268       0.20638048900923617     
  0.54872459548811670       0.20931810531296918     
  0.54603181996763173       0.21223045663266721     
  0.54332503614960082       0.21511759969266131     
  0.54060474612573683       0.21797959777176870     
  0.53787144257236463       0.22081652045686320     
  0.53512560873115034       0.22362844339963375     
  0.53236771839961916       0.22641544807672306     
  0.52959823593102828       0.22917762155342508     
  0.52681761624317003       0.23191505625110104     
  0.52402630483568924       0.23462784971846071     
  0.52122473781549683       0.23731610440683978     
  0.51841334192987498       0.23997992744959015     
  0.51559253460687282       0.24261943044568601     
  0.51276272400260248       0.24523472924763684     
  0.50992430905504893       0.24782594375378347     
  0.50707767954402061       0.25039319770504437     
  0.50422321615687382       0.25293661848616500     
  0.50136129055965406       0.25545633693151465     
  0.49849226547330661       0.25795248713546337     
  0.49561649475462083       0.26042520626736293     
  0.49273432348157709       0.26287463439114500     
  0.48984608804278301       0.26530091428954317     
  0.48695211623068835       0.26770419129293543     
  0.48405272733828431       0.27008461311279741     
  0.48114823225899783       0.27244232967974807     
  0.47823893358950786       0.27477749298616494     
  0.47532512573521440       0.27709025693333700     
  0.47240709501810535       0.27938077718312082     
  0.46948511978677743       0.28164921101405677     
  0.46655947052837049       0.28389571718189971     
  0.46363040998219629       0.28612045578451417     
  0.46069819325483730       0.28832358813107634     
  0.45776306793651683       0.29050527661552650     
  0.45482527421853791       0.29266568459420905     
  0.45188504501160454       0.29480497626763380     
  0.44894260606484770       0.29692331656629040     
  0.44599817608538472       0.29902087104044800     
  0.44305196685824999       0.30109780575386286     
  0.44010418336654633       0.30315428718132403     
  0.43715502391166933       0.30519048210995703     
  0.43420468023346953       0.30720655754421045     
  0.43125333763022367       0.30920268061444528     
  0.42830117507829130       0.31117901848904839     
  0.42534836535134374       0.31313573828998886     
  0.42239507513905872       0.31507300701173663     
  0.41944146516517694       0.31699099144346254     
  0.41648769030483096       0.31888985809443815     
  0.41353389970105420       0.32076977312255345     
  0.41058023688038969       0.32263090226587221     
  0.40762683986752574       0.32447341077714364     
  0.40467384129888251       0.32629746336118870     
  0.40172136853508866       0.32810322411508319     
  0.39876954377228729       0.32989085647105643     
  0.39581848415221571       0.33166052314202721     
  0.39286830187100868       0.33341238606969981     
  0.38991910428668025       0.33514660637514276     
  0.38697099402524332       0.33686334431177412     
  0.38402406908542702       0.33856275922067824     
  0.38107842294196209       0.34024500948818143     
  0.37813414464740225       0.34191025250561186     
  0.37519131893245550       0.34355864463117375     
  0.37225002630480492       0.34519034115386593     
  0.36931034314639616       0.34680549625937268     
  0.36637234180917749       0.34840426299786464     
  0.36343609070927851       0.34998679325363807     
  0.36050165441961524       0.35155323771653069     
  0.35756909376091439       0.35310374585505000     
  0.35463846589115067       0.35463846589115061     
  0.35170982439339304       0.35615754477660211     
  0.34878321936205881       0.35766112817088519     
  0.34585869748757525       0.35914936042056123     
  0.34293630213945187       0.36062238454005557     
  0.34001607344776685       0.36208034219380192     
  0.33709804838307322       0.36352337367969267     
  0.33418226083473312       0.36495161791378328     
  0.33126874168768689       0.36636521241619902     
  0.32835751889766857       0.36776429329819610     
  0.32544861756487836       0.36914899525032635     
  0.32254206000612456       0.37051945153166116     
  0.31963786582544851       0.37187579396002729     
  0.31673605198324606       0.37321815290321025     
  0.31383663286390229       0.37454665727108388     
  0.31093962034195438       0.37586143450862247     
  0.30804502384679983       0.37716261058975548     
  0.30515285042596763       0.37845031001202623     
  0.30226310480697044       0.37972465579201542     
  0.29937578945775639       0.38098576946149354     
  0.29649090464577932       0.38223377106426559     
  0.29360844849570827       0.38346877915367378     
  0.29072841704579427       0.38469091079072515     
  0.28785080430291693       0.38590028154281042     
  0.28497560229632890       0.38709700548298426     
  0.28210280113012209       0.38828119518977489     
  0.27923238903443387       0.38945296174749555     
  0.27636435241541663       0.39061241474702790     
  0.27349867590399046       0.39175966228705017     
  0.27063534240340154       0.39289481097568435     
  0.26777433313560733       0.39401796593253674     
  0.26491562768651050       0.39512923079110529     
  0.26205920405006233       0.39622870770153368     
  0.25920503867125816       0.39731649733368429     
  0.25635310648804627       0.39839269888051204     
  0.25350338097217107       0.39945741006171620     
  0.25065583416897264       0.40051072712764763     
  0.24781043673616368       0.40155274486345544     
  0.24496715798160551       0.40258355659345046     
  0.24212596590010341       0.40360325418566784     
  0.23928682720924271       0.40461192805661350     
  0.23644970738428722       0.40560966717617264     
  0.23361457069215893       0.40659655907266784     
  0.23078138022452041       0.40757268983804967     
  0.22795009792998103       0.40853814413320266     
  0.22512068464544505       0.40949300519335480     
  0.22229310012662290       0.41043735483357419     
  0.21946730307772569       0.41137127345434016     
  0.21664325118036068       0.41229484004717581     
  0.21382090112164784       0.41320813220032854     
  0.21100020862157776       0.41411122610448686     
  0.20818112845962725       0.41500419655852272     
  0.20536361450065257       0.41588711697524600     
  0.20254761972007948       0.41676005938716232     
  0.19973309622840563       0.41762309445222312     
  0.19691999529503529       0.41847629145955739     
  0.19410826737146358       0.41931971833517617     
  0.19129786211382704       0.42015344164764057     
  0.18848872840483741       0.42097752661368404     
  0.18568081437511713       0.42179203710378044     
  0.18287406742395121       0.42259703564764994     
  0.18006843423947275       0.42339258343969516     
  0.17726386081829912       0.42417874034435821     
  0.17446029248463368       0.42495556490139413     
  0.17165767390884809       0.42572311433105176     
  0.16885594912556337       0.42648144453915499     
  0.16605506155124253       0.42723061012207991     
  0.16325495400131024       0.42797066437161962     
  0.16045556870681632       0.42870165927973208     
  0.15765684733065505       0.42942364554316381     
  0.15485873098335623       0.43013667256794541     
  0.15206116023846317       0.43084078847375357     
  0.14926407514750922       0.43153604009813151     
  0.14646741525460888       0.43222247300056804     
  0.14367111961067708       0.43290013146642520     
  0.14087512678728828       0.43356905851071365     
  0.13807937489019115       0.43422929588170994     
  0.13528380157249081       0.43488088406441050     
  0.13248834404751209       0.43552386228382095     
  0.12969293910135549       0.43615826850807315     
  0.12689752310516164       0.43678413945137018     
  0.12410203202709302       0.43740151057675136     
  0.12130640144404813       0.43801041609867780     
  0.11851056655311999       0.43861088898543188     
  0.11571446218281076       0.43920296096132933     
  0.11291802280401370       0.43978666250873932     
  0.11012118254077738       0.44036202286991122     
  0.10732387518086116       0.44092907004860304     
  0.10452603418609435       0.44148783081150933     
  0.10172759270255297       0.44203833068948761     
   9.8928483570562539E-002  0.44258059397857696     
   9.6128639334540397E-002  0.44311464374080956     
   9.3327992252689576E-002  0.44364050180481085     
   9.0526474306553806E-002  0.44415818876618623     
   8.7724017210446009E-002  0.44466772398769155     
   8.4920552420763268E-002  0.44516912559918637     
   8.2116011145195872E-002  0.44566241049736577     
   7.9310324351845082E-002  0.44614759434527035     
   7.6503422778259944E-002  0.44662469157157120     
   7.3695236940403377E-002  0.44709371536962778     
   7.0885697141559498E-002  0.44755467769631757     
   6.8074733481194347E-002  0.44800758927063483     
   6.5262275863779265E-002  0.44845245957205648     
   6.2448254007589549E-002  0.44888929683867418     
   5.9632597453489727E-002  0.44931810806508904     
   5.6815235573715872E-002  0.44973889900007002     
   5.3996097580666716E-002  0.45015167414397150     
   5.1175112535715182E-002  0.45055643674590989     
   4.8352209358051401E-002  0.45095318880069823     
   4.5527316833568338E-002  0.45134193104553494     
   4.2700363623802945E-002  0.45172266295644925     
   3.9871278274942572E-002  0.45209538274449679     
   3.7039989226909230E-002  0.45246008735170895     
   3.4206424822534269E-002  0.45281677244679147     
   3.1370513316833604E-002  0.45316543242057133     
   2.8532182886396456E-002  0.45350606038119362     
   2.5691361638900134E-002  0.45383864814906283     
   2.2847977622762177E-002  0.45416318625153101     
   2.0001958836941430E-002  0.45447966391733019     
   1.7153233240903329E-002  0.45478806907074909     
   1.4301728764758726E-002  0.45508838832555149     
   1.1447373319590547E-002  0.45538060697863814     
   8.5900948079817765E-003  0.45566470900344874     
   5.7298211347562083E-003  0.45594067704310487     
   2.8664802179459554E-003  0.45620849240329364     
   2.7950612024774349E-017  0.45646813504489059     
  -2.8696915407543217E-003  0.45671958357632136     
  -5.7426663783822331E-003  0.45696281524566290     
  -8.6189964273304682E-003  0.45719780593248305     
  -1.1498753530120871E-002  0.45742453013941897     
  -1.4382009444734230E-002  0.45764296098349355     
  -1.7268835831668439E-002  0.45785307018717136     
  -2.0159304240658003E-002  0.45805482806915315     
  -2.3053486097038854E-002  0.45824820353490880     
  -2.5951452687742280E-002  0.45843316406695195     
  -2.8853275146904105E-002  0.45860967571485300     
  -3.1759024441072432E-002  0.45877770308499438     
  -3.4668771353996902E-002  0.45893720933006776     
  -3.7582586470984371E-002  0.45908815613831383     
  -4.0500540162804861E-002  0.45923050372250757     
  -4.3422702569127856E-002  0.45936421080868833     
  -4.6349143581474940E-002  0.45948923462463742     
  -4.9279932825669892E-002  0.45960553088810602     
  -5.2215139643767158E-002  0.45971305379479277     
  -5.5154833075442694E-002  0.45981175600607693     
  -5.8099081838827372E-002  0.45990158863650515     
  -6.1047954310763375E-002  0.45998250124103901     
  -6.4001518506466321E-002  0.46005444180206340     
  -6.6959842058571722E-002  0.46011735671615978     
  -6.9922992195547151E-002  0.46017119078064828     
  -7.2891035719448632E-002  0.46021588717990169     
  -7.5864038983002507E-002  0.46025138747143618     
  -7.8842067865989185E-002  0.46027763157178297     
  -8.1825187750910008E-002  0.46029455774214506     
  -8.4813463497914632E-002  0.46030210257384563     
  -8.7806959418965450E-002  0.46030020097357177     
  -9.0805739251219181E-002  0.46028878614842167     
  -9.3809866129601252E-002  0.46026778959075909     
  -9.6819402558549331E-002  0.46023714106288349     
  -9.9834410382903818E-002  0.46019676858152353     
 -0.10285495075792170       0.46014659840215971     
 -0.10588108411838651       0.46008655500318535     
 -0.10891287014679343       0.46001656106991462     
 -0.11195036774058288       0.45993653747844743     
 -0.11499363497839597       0.45984640327939880     
 -0.11804272908532884       0.45974607568150594     
 -0.12109770639715775       0.45963547003512067     
 -0.12415862232350859       0.45951449981560222     
 -0.12722553130994527       0.45938307660661998     
 -0.13029848679894929       0.45924111008337964     
 -0.13337754118976167       0.45908850799578810     
 -0.13646274579706255       0.45892517615156819     
 -0.13955415080845818       0.45875101839934185     
 -0.14265180524074647       0.45856593661169470     
 -0.14575575689493539       0.45836983066824122     
 -0.14886605230998334       0.45816259843870594     
 -0.15198273671523196       0.45794413576604082     
 -0.15510585398150453       0.45771433644959719     
 -0.15823544657083888       0.45747309222837340     
 -0.16137155548482515       0.45722029276435860     
 -0.16451422021152026       0.45695582562599618     
 -0.16766347867090808       0.45667957627179018     
 -0.17081936715887600       0.45639142803407723     
 -0.17398192028967818       0.45609126210299372     
 -0.17715117093685617       0.45577895751066100     
 -0.18032715017258596       0.45545439111561997     
 -0.18350988720542347       0.45511743758754275     
 -0.18669940931641807       0.45476796939225117     
 -0.18989574179356536       0.45440585677707873     
 -0.19309890786456985       0.45403096775660268     
 -0.19630892862789032       0.45364316809878791     
 -0.19952582298203683       0.45324232131157410     
 -0.20274960755309548       0.45282828862994634     
 -0.20598029662045073       0.45240092900352852     
 -0.20921790204067892       0.45196009908474027     
 -0.21246243316958927       0.45150565321755998     
 -0.21571389678238423       0.45103744342693880     
 -0.21897229699191811       0.45055531940891153     
 -0.22223763516502598       0.45005912852145258     
 -0.22550990983690625       0.44954871577612648     
 -0.22878911662353102       0.44902392383058515     
 -0.23207524813206679       0.44848459298196458     
 -0.23536829386928562       0.44793056116123720     
 -0.23866824014795091       0.44736166392857812     
 -0.24197506999116211       0.44677773446980246     
 -0.24528876303464123       0.44617860359393835     
 -0.24860929542695773       0.44556409973199668     
 -0.25193663972767100       0.44493404893700550     
 -0.25527076480339106       0.44428827488537659     
 -0.25861163572175117       0.44362659887967232     
 -0.26195921364328340       0.44294883985284922     
 -0.26531345571120590       0.44225481437405023     
 -0.26867431493911770       0.44154433665602200     
 -0.27204174009661158       0.44081721856423955     
 -0.27541567559280772       0.44007326962781756     
 -0.27879606135783125       0.43931229705229152     
 -0.28218283272223671       0.43853410573435797     
 -0.28557592029440970       0.43773849827865907     
 -0.28897524983596523       0.43692527501670531     
 -0.29238074213517073       0.43609423402802616     
 -0.29579231287842889       0.43524517116364769     
 -0.29920987251985487       0.43437788007199152     
 -0.30263332614899507       0.43349215222729770     
 -0.30606257335672749       0.43258777696067191     
 -0.30949750809940857       0.43166454149386074     
 -0.31293801856131304       0.43072223097586393     
 -0.31638398701544235       0.42976062852248886     
 -0.31983528968276687       0.42877951525895902     
 -0.32329179658998458       0.42777867036568767     
 -0.32675337142587579       0.42675787112733249     
 -0.33021987139635339       0.42571689298524279     
 -0.33369114707830394       0.42465550959342030     
 -0.33716704227232475       0.42357349287810930     
 -0.34064739385448178       0.42247061310113504     
 -0.34413203162720202       0.42134663892711427     
 -0.34762077816944020       0.42020133749465499     
 -0.35111344868625893       0.41903447449167053     
 -0.35460985085797447       0.41784581423492856     
 -0.35810978468902555       0.41663511975395950     
 -0.36161304235674163       0.41540215287944526     
 -0.36511940806018661       0.41414667433621105     
 -0.36862865786926774       0.41286844384094412     
 -0.37214055957431863       0.41156722020475539     
 -0.37565487253635993       0.41024276144071015     
 -0.37917134753826826       0.40889482487644030     
 -0.38268972663708506       0.40752316727195731     
 -0.38620974301771449       0.40612754494277781     
 -0.38973112084826389       0.40470771388847593     
 -0.39325357513730724       0.40326342992676573     
 -0.39677681159334127       0.40179444883322235     
 -0.40030052648673925       0.40030052648673931     
 -0.40382440651450752       0.39878141902081710     
 -0.40734812866815873       0.39723688298077686     
 -0.41087136010504183       0.39566667548697887     
 -0.41439375802346623       0.39407055440412814     
 -0.41791496954198343       0.39244827851673575     
 -0.42143463158318689       0.39079960771080363     
 -0.42495237076242182       0.38912430316178226     
 -0.42846780328178707       0.38742212752885574     
 -0.43198053482984211       0.38569284515558655     
 -0.43549016048743255       0.38393622227694957     
 -0.43899626464006009       0.38215202723277103     
 -0.44249842089723890       0.38034003068757860     
 -0.44599619201928176       0.37850000585685345     
 -0.44948912985198120       0.37663172873966472     
 -0.45297677526964253       0.37473497835765407     
 -0.45645865812695763       0.37280953700031516     
 -0.45993429722019047       0.37085519047651289     
 -0.46340320025817233       0.36887172837215260     
 -0.46686486384359999       0.36685894431390881     
 -0.47031877346514006       0.36481663623889349     
 -0.47376440350083965       0.36274460667013475     
 -0.47720121723335940       0.36064266299770809     
 -0.48062866687753047       0.35851061776535087     
 -0.48404619362074697       0.35634828896236798     
 -0.48745322767670723       0.35415550032060772     
 -0.49084918835300095       0.35193208161627915     
 -0.49423348413304863       0.34967786897634517     
 -0.49760551277288834       0.34739270518921400     
 -0.50096466141329510       0.34507644001941762     
 -0.50431030670770738       0.34272893052595382     
 -0.50764181496643668       0.34035004138392982     
 -0.51095854231759830       0.33793964520913350     
 -0.51425983488521010       0.33549762288512636     
 -0.51754502898487553       0.33302386389242322     
 -0.52081345133744339       0.33051826663931172     
 -0.52406441930102743       0.32798073879382328     
 -0.52729724112173182       0.32541119761635234     
 -0.53051121620340891       0.32280957029239066     
 -0.53370563539673854       0.32017579426482368     
 -0.53687978130789915       0.31750981756520025     
 -0.54003292862704766       0.31481159914337992     
 -0.54316434447680506       0.31208110919492182     
 -0.54627328878089898       0.30931832948556515     
 -0.54935901465306580       0.30652325367213323     
 -0.55242076880628155       0.30369588761915989     
 -0.55545779198233858       0.30083624971053102     
 -0.55846931940173583       0.29794437115540590     
 -0.56145458123379466       0.29502029628767457     
 -0.56441280308687591       0.29206408285818108     
 -0.56734320651849202       0.28907580231894525     
 -0.57024500956507507       0.28605554009858664     
 -0.57311742729108739       0.28300339586815842     
 -0.57595967235710577       0.27991948379658516     
 -0.57877095560644920       0.27680393279489479     
 -0.58155048666985276       0.27365688674843452     
 -0.58429747458763137       0.27047850473625690     
 -0.58701112844870029       0.26726896123687177     
 -0.58969065804577636       0.26402844631955519     
 -0.59233527454598345       0.26075716582042852     
 -0.59494419117605768       0.25745534150252020     
 -0.59751662392124782       0.25412321119904530     
 -0.60005179223696847       0.25076102893915270     
 -0.60254891977217451       0.24736906505541495     
 -0.60500723510338739       0.24394760627235254     
 -0.60742597247821772       0.24049695577531999     
 -0.60980437256718500       0.23701743325911426     
 -0.61214168322257201       0.23350937495568375     
 -0.61443716024299466       0.22997313364038111     
 -0.61669006814231853       0.22640907861621717     
 -0.61889968092150149       0.22281759567563600     
 -0.62106528284189910       0.21919908703936841     
 -0.62318616919852365       0.21555397127198050     
 -0.62526164709171561       0.21188268317377090     
 -0.62729103619564452       0.20818567364874949     
 -0.62927366952204000       0.20446340954846759     
 -0.63120889417751613       0.20071637349153662     
 -0.63309607211284613       0.19694506365874731     
 -0.63493458086252730       0.19314999356374490     
 -0.63672381427296354       0.18933169179929882     
 -0.63846318321760631       0.18549070175926474     
 -0.64015211629738067       0.18162758133641327     
 -0.64179006052475585       0.17774290259635450     
 -0.64337648198981423       0.17383725142787926     
 -0.64491086650672025       0.16991122717008780     
 -0.64639272023900030       0.16596544221675996     
 -0.64782157030209420       0.16200052159848585     
 -0.64919696534167859       0.15801710254314599     
 -0.65051847608630642       0.15401583401539759     
 -0.65178569587297164       0.14999737623588963     
 -0.65299824114425697       0.14596240018100035     
 -0.65415575191580255       0.14191158706393692     
 -0.65525789221289299       0.13784562779812329     
 -0.65630435047504632       0.13376522244383265     
 -0.65729483992756599       0.12967107963909555     
 -0.65822909891910508       0.12556391601595340     
 -0.65910689122438304       0.12144445560318734     
 -0.65992800631128790       0.11731342921667745     
 -0.66069225957169908       0.11317157383860779     
 -0.66139949251545849       0.10901963198675829     
 -0.66204957292703270       0.10485835107514643     
 -0.66264239498450106       0.10068848276733193     
 -0.66317787934062278        9.6510782323693714E-002
 -0.66365597316583425        9.2326007944022542E-002
 -0.66407665015314254        8.8134920106775691E-002
 -0.66443991048498652        8.3938280906356300E-002
 -0.66474578076224222        7.9736853389763857E-002
 -0.66499431389565955        7.5531400893985703E-002
 -0.66518558896011848        7.1322686385466794E-002
 -0.66531971101220122        6.7111471802992553E-002
 -0.66539681087166602        6.2898517405309537E-002
 -0.66541704486752085        5.8684581124768799E-002
 -0.66538059454947374        5.4470417928265388E-002
 -0.66528766636564096        5.0256779186706478E-002
 -0.66513849130746527        4.6044412054215361E-002
 -0.66493332452289322        4.1834058858221078E-002
 -0.66467244489892419        3.7626456501565791E-002
 -0.66435615461472386        3.3422335877692222E-002
 -0.66398477866655647        2.9222421299932928E-002
 -0.66355866436585331        2.5027429945879080E-002
 -0.66307818081178760        2.0838071317732500E-002
 -0.66254371833977654        1.6655046719503668E-002
 -0.66195568794737403        1.2479048751848052E-002
 -0.66131452069905206        8.3107608252825076E-003
 -0.66062066711140499        4.1508566924420747E-003
 -0.65987459652032787        8.0811331246727073E-017
 -0.65907679643174588       -4.1411561392167943E-003
 -0.65822777185747883       -8.2719695534334888E-003
 -0.65732804463783689       -1.2391809398040458E-002
 -0.65637815275253608       -1.6500056520268095E-002
 -0.65537864962152992       -2.0596103802138218E-002
 -0.65433010339732711       -2.4679356481475276E-002
 -0.65323309625036841       -2.8749232450815017E-002
 -0.65208822364899544       -3.2805162534128011E-002
 -0.65089609363553735       -3.6846590741310213E-002
 -0.64965732609999816       -4.0872974500477194E-002
 -0.64837255205279953       -4.4883784868137780E-002
 -0.64704241289799602       -4.8878506717388089E-002
 -0.64566755970833600       -5.2856638904309354E-002
 -0.64424865250349783       -5.6817694412819801E-002
 -0.64278635953278263       -6.0761200478260322E-002
 -0.64128135656349616       -6.4686698690047562E-002
 -0.63973432617619452       -6.8593745073779938E-002
 -0.63814595706792099       -7.2481910153199020E-002
 -0.63651694336449738       -7.6350778992470850E-002
 -0.63484798394287834       -8.0199951219268442E-002
 -0.63313978176451879       -8.4029041029177770E-002
 -0.63139304322064327       -8.7837677171968900E-002
 -0.62960847749024274       -9.1625502920315571E-002
 -0.62778679591157072       -9.5392176021546704E-002
 -0.62592871136784045       -9.9137368633053558E-002
 -0.62403493768777030      -0.10286076724198605     
 -0.62210618906156478      -0.10656207256987771     
 -0.62014317947285336      -0.11024099946286732     
 -0.61814662214705618      -0.11389727676818005     
 -0.61611722901658617      -0.11753064719754708     
 -0.61405571020324146      -0.12114086717823669     
 -0.61196277351808248      -0.12472770669238982     
 -0.60983912397904427      -0.12829094910532807     
 -0.60768546334647355      -0.13183039098352470     
 -0.60550248967673526      -0.13534584190290794     
 -0.60329089689398407      -0.13883712424816785     
 -0.60105137438014999      -0.14230407300372805     
 -0.59878460658314536      -0.14574653553703484     
 -0.59649127264325408      -0.14916437137480651     
 -0.59417204603763318      -0.15255745197286796     
 -0.59182759424280462      -0.15592566048019560     
 -0.58945857841499893      -0.15926889149776327     
 -0.58706565308816316      -0.16258705083278482     
 -0.58464946588942091      -0.16588005524891797     
 -0.58221065727174848      -0.16914783221298424     
 -0.57974986026359376      -0.17239031963873888     
 -0.57726770023515050      -0.17560746562820823     
 -0.57476479468097275      -0.17879922821109259     
 -0.57224175301859659      -0.18196557508270850     
 -0.56969917640281287      -0.18510648334093879     
 -0.56713765755523027      -0.18822193922261773     
 -0.56455778060873740      -0.19131193783977921     
 -0.56196012096647652      -0.19437648291616361     
 -0.55934524517491579      -0.19741558652436364     
 -0.55671371081061261      -0.20042926882396522     
 -0.55406606638023870      -0.20341755780103055     
 -0.55140285123344235      -0.20638048900923628     
 -0.54872459548811670      -0.20931810531296904     
 -0.54603181996763173      -0.21223045663266721     
 -0.54332503614960082      -0.21511759969266131     
 -0.54060474612573683      -0.21797959777176870     
 -0.53787144257236463      -0.22081652045686306     
 -0.53512560873115023      -0.22362844339963381     
 -0.53236771839961938      -0.22641544807672298     
 -0.52959823593102828      -0.22917762155342497     
 -0.52681761624316992      -0.23191505625110120     
 -0.52402630483568935      -0.23462784971846068     
 -0.52122473781549683      -0.23731610440683976     
 -0.51841334192987498      -0.23997992744959015     
 -0.51559253460687271      -0.24261943044568604     
 -0.51276272400260259      -0.24523472924763667     
 -0.50992430905504882      -0.24782594375378356     
 -0.50707767954402083      -0.25039319770504431     
 -0.50422321615687404      -0.25293661848616500     
 -0.50136129055965406      -0.25545633693151459     
 -0.49849226547330661      -0.25795248713546332     
 -0.49561649475462083      -0.26042520626736293     
 -0.49273432348157709      -0.26287463439114500     
 -0.48984608804278301      -0.26530091428954322     
 -0.48695211623068851      -0.26770419129293532     
 -0.48405272733828414      -0.27008461311279747     
 -0.48114823225899789      -0.27244232967974796     
 -0.47823893358950792      -0.27477749298616483     
 -0.47532512573521435      -0.27709025693333694     
 -0.47240709501810535      -0.27938077718312082     
 -0.46948511978677754      -0.28164921101405654     
 -0.46655947052837049      -0.28389571718189982     
 -0.46363040998219618      -0.28612045578451428     
 -0.46069819325483735      -0.28832358813107617     
 -0.45776306793651678      -0.29050527661552655     
 -0.45482527421853791      -0.29266568459420900     
 -0.45188504501160459      -0.29480497626763374     
 -0.44894260606484770      -0.29692331656629040     
 -0.44599817608538472      -0.29902087104044800     
 -0.44305196685825021      -0.30109780575386275     
 -0.44010418336654628      -0.30315428718132414     
 -0.43715502391166938      -0.30519048210995697     
 -0.43420468023346959      -0.30720655754421039     
 -0.43125333763022361      -0.30920268061444534     
 -0.42830117507829135      -0.31117901848904839     
 -0.42534836535134379      -0.31313573828998886     
 -0.42239507513905872      -0.31507300701173663     
 -0.41944146516517694      -0.31699099144346254     
 -0.41648769030483129      -0.31888985809443804     
 -0.41353389970105403      -0.32076977312255345     
 -0.41058023688038986      -0.32263090226587215     
 -0.40762683986752579      -0.32447341077714353     
 -0.40467384129888256      -0.32629746336118864     
 -0.40172136853508866      -0.32810322411508319     
 -0.39876954377228740      -0.32989085647105648     
 -0.39581848415221571      -0.33166052314202721     
 -0.39286830187100863      -0.33341238606969981     
 -0.38991910428668036      -0.33514660637514271     
 -0.38697099402524326      -0.33686334431177417     
 -0.38402406908542719      -0.33856275922067824     
 -0.38107842294196226      -0.34024500948818137     
 -0.37813414464740230      -0.34191025250561180     
 -0.37519131893245550      -0.34355864463117375     
 -0.37225002630480492      -0.34519034115386593     
 -0.36931034314639605      -0.34680549625937263     
 -0.36637234180917744      -0.34840426299786464     
 -0.36343609070927868      -0.34998679325363796     
 -0.36050165441961518      -0.35155323771653074     
 -0.35756909376091450      -0.35310374585504994     
 -0.35463846589115072      -0.35463846589115061     
 -0.35170982439339299      -0.35615754477660200     
 -0.34878321936205881      -0.35766112817088519     
 -0.34585869748757547      -0.35914936042056117     
 -0.34293630213945175      -0.36062238454005552     
 -0.34001607344776669      -0.36208034219380192     
 -0.33709804838307333      -0.36352337367969262     
 -0.33418226083473307      -0.36495161791378333     
 -0.33126874168768705      -0.36636521241619902     
 -0.32835751889766862      -0.36776429329819604     
 -0.32544861756487836      -0.36914899525032635     
 -0.32254206000612456      -0.37051945153166116     
 -0.31963786582544867      -0.37187579396002712     
 -0.31673605198324600      -0.37321815290321025     
 -0.31383663286390245      -0.37454665727108383     
 -0.31093962034195421      -0.37586143450862247     
 -0.30804502384679988      -0.37716261058975548     
 -0.30515285042596796      -0.37845031001202617     
 -0.30226310480697050      -0.37972465579201542     
 -0.29937578945775650      -0.38098576946149343     
 -0.29649090464577926      -0.38223377106426559     
 -0.29360844849570839      -0.38346877915367367     
 -0.29072841704579427      -0.38469091079072515     
 -0.28785080430291704      -0.38590028154281036     
 -0.28497560229632879      -0.38709700548298420     
 -0.28210280113012209      -0.38828119518977489     
 -0.27923238903443409      -0.38945296174749544     
 -0.27636435241541663      -0.39061241474702790     
 -0.27349867590399024      -0.39175966228705028     
 -0.27063534240340142      -0.39289481097568429     
 -0.26777433313560750      -0.39401796593253663     
 -0.26491562768651084      -0.39512923079110523     
 -0.26205920405006244      -0.39622870770153368     
 -0.25920503867125799      -0.39731649733368429     
 -0.25635310648804632      -0.39839269888051204     
 -0.25350338097217134      -0.39945741006171614     
 -0.25065583416897258      -0.40051072712764768     
 -0.24781043673616385      -0.40155274486345549     
 -0.24496715798160582      -0.40258355659345024     
 -0.24212596590010302      -0.40360325418566800     
 -0.23928682720924255      -0.40461192805661350     
 -0.23644970738428733      -0.40560966717617253     
 -0.23361457069215916      -0.40659655907266767     
 -0.23078138022452052      -0.40757268983804973     
 -0.22795009792998125      -0.40853814413320261     
 -0.22512068464544502      -0.40949300519335485     
 -0.22229310012662298      -0.41043735483357408     
 -0.21946730307772563      -0.41137127345434021     
 -0.21664325118036074      -0.41229484004717581     
 -0.21382090112164809      -0.41320813220032848     
 -0.21100020862157781      -0.41411122610448686     
 -0.20818112845962697      -0.41500419655852278     
 -0.20536361450065255      -0.41588711697524589     
 -0.20254761972007973      -0.41676005938716221     
 -0.19973309622840560      -0.41762309445222318     
 -0.19691999529503543      -0.41847629145955734     
 -0.19410826737146392      -0.41931971833517606     
 -0.19129786211382710      -0.42015344164764057     
 -0.18848872840483724      -0.42097752661368404     
 -0.18568081437511713      -0.42179203710378033     
 -0.18287406742395138      -0.42259703564765000     
 -0.18006843423947266      -0.42339258343969516     
 -0.17726386081829937      -0.42417874034435815     
 -0.17446029248463363      -0.42495556490139413     
 -0.17165767390884823      -0.42572311433105176     
 -0.16885594912556334      -0.42648144453915499     
 -0.16605506155124258      -0.42723061012207986     
 -0.16325495400131051      -0.42797066437161962     
 -0.16045556870681676      -0.42870165927973203     
 -0.15765684733065483      -0.42942364554316387     
 -0.15485873098335620      -0.43013667256794541     
 -0.15206116023846331      -0.43084078847375351     
 -0.14926407514750908      -0.43153604009813157     
 -0.14646741525460905      -0.43222247300056810     
 -0.14367111961067747      -0.43290013146642520     
 -0.14087512678728834      -0.43356905851071365     
 -0.13807937489019101      -0.43422929588171000     
 -0.13528380157249087      -0.43488088406441050     
 -0.13248834404751225      -0.43552386228382090     
 -0.12969293910135585      -0.43615826850807304     
 -0.12689752310516178      -0.43678413945137012     
 -0.12410203202709288      -0.43740151057675142     
 -0.12130640144404818      -0.43801041609867775     
 -0.11851056655311994      -0.43861088898543193     
 -0.11571446218281081      -0.43920296096132927     
 -0.11291802280401395      -0.43978666250873927     
 -0.11012118254077784      -0.44036202286991111     
 -0.10732387518086091      -0.44092907004860304     
 -0.10452603418609431      -0.44148783081150939     
 -0.10172759270255313      -0.44203833068948761     
  -9.8928483570562387E-002 -0.44258059397857691     
  -9.6128639334540467E-002 -0.44311464374080956     
  -9.3327992252689826E-002 -0.44364050180481079     
  -9.0526474306553764E-002 -0.44415818876618623     
  -8.7724017210445870E-002 -0.44466772398769155     
  -8.4920552420763323E-002 -0.44516912559918637     
  -8.2116011145196038E-002 -0.44566241049736577     
  -7.9310324351845443E-002 -0.44614759434527029     
  -7.6503422778260111E-002 -0.44662469157157120     
  -7.3695236940403239E-002 -0.44709371536962778     
  -7.0885697141559581E-002 -0.44755467769631757     
  -6.8074733481194208E-002 -0.44800758927063483     
  -6.5262275863779237E-002 -0.44845245957205648     
  -6.2448254007589694E-002 -0.44888929683867412     
  -5.9632597453490095E-002 -0.44931810806508898     
  -5.6815235573715643E-002 -0.44973889900007014     
  -5.3996097580666674E-002 -0.45015167414397150     
  -5.1175112535715335E-002 -0.45055643674590989     
  -4.8352209358051665E-002 -0.45095318880069818     
  -4.5527316833568393E-002 -0.45134193104553494     
  -4.2700363623803188E-002 -0.45172266295644914     
  -3.9871278274942530E-002 -0.45209538274449679     
  -3.7039989226908994E-002 -0.45246008735170906     
  -3.4206424822534220E-002 -0.45281677244679147     
  -3.1370513316833659E-002 -0.45316543242057133     
  -2.8532182886396713E-002 -0.45350606038119362     
  -2.5691361638900286E-002 -0.45383864814906283     
  -2.2847977622762028E-002 -0.45416318625153101     
  -2.0001958836941482E-002 -0.45447966391733019     
  -1.7153233240903575E-002 -0.45478806907074898     
  -1.4301728764758678E-002 -0.45508838832555149     
  -1.1447373319590703E-002 -0.45538060697863814     
  -8.5900948079821338E-003 -0.45566470900344863     
  -5.7298211347558596E-003 -0.45594067704310487     
  -2.8664802179458088E-003 -0.45620849240329364     
  -8.3851836074323042E-017 -0.45646813504489059     
   2.8696915407540628E-003 -0.45671958357632136     
   5.7426663783821767E-003 -0.45696281524566290     
   8.6189964273302132E-003 -0.45719780593248316     
   1.1498753530120918E-002 -0.45742453013941897     
   1.4382009444734074E-002 -0.45764296098349355     
   1.7268835831668487E-002 -0.45785307018717136     
   2.0159304240657951E-002 -0.45805482806915315     
   2.3053486097038594E-002 -0.45824820353490880     
   2.5951452687742224E-002 -0.45843316406695189     
   2.8853275146904354E-002 -0.45860967571485300     
   3.1759024441072474E-002 -0.45877770308499438     
   3.4668771353996632E-002 -0.45893720933006765     
   3.7582586470984412E-002 -0.45908815613831383     
   4.0500540162804702E-002 -0.45923050372250757     
   4.3422702569127482E-002 -0.45936421080868828     
   4.6349143581474885E-002 -0.45948923462463742     
   4.9279932825670038E-002 -0.45960553088810596     
   5.2215139643767096E-002 -0.45971305379479277     
   5.5154833075442534E-002 -0.45981175600607693     
   5.8099081838827414E-002 -0.45990158863650515     
   6.1047954310763208E-002 -0.45998250124103901     
   6.4001518506466348E-002 -0.46005444180206340     
   6.6959842058571556E-002 -0.46011735671615978     
   6.9922992195547179E-002 -0.46017119078064828     
   7.2891035719448577E-002 -0.46021588717990169     
   7.5864038983002258E-002 -0.46025138747143624     
   7.8842067865988685E-002 -0.46027763157178292     
   8.1825187750910272E-002 -0.46029455774214512     
   8.4813463497914673E-002 -0.46030210257384563     
   8.7806959418965311E-002 -0.46030020097357188     
   9.0805739251219347E-002 -0.46028878614842178     
   9.3809866129601169E-002 -0.46026778959075904     
   9.6819402558548928E-002 -0.46023714106288349     
   9.9834410382903749E-002 -0.46019676858152353     
  0.10285495075792186      -0.46014659840215977     
  0.10588108411838645      -0.46008655500318535     
  0.10891287014679327      -0.46001656106991462     
  0.11195036774058248      -0.45993653747844737     
  0.11499363497839582      -0.45984640327939885     
  0.11804272908532902      -0.45974607568150599     
  0.12109770639715772      -0.45963547003512067     
  0.12415862232350874      -0.45951449981560216     
  0.12722553130994532      -0.45938307660661992     
  0.13029848679894904      -0.45924111008337976     
  0.13337754118976120      -0.45908850799578821     
  0.13646274579706286      -0.45892517615156819     
  0.13955415080845826      -0.45875101839934190     
  0.14265180524074630      -0.45856593661169465     
  0.14575575689493514      -0.45836983066824127     
  0.14886605230998329      -0.45816259843870594     
  0.15198273671523169      -0.45794413576604082     
  0.15510585398150456      -0.45771433644959719     
  0.15823544657083918      -0.45747309222837340     
  0.16137155548482524      -0.45722029276435860     
  0.16451422021152015      -0.45695582562599635     
  0.16766347867090775      -0.45667957627179029     
  0.17081936715887583      -0.45639142803407717     
  0.17398192028967832      -0.45609126210299361     
  0.17715117093685612      -0.45577895751066094     
  0.18032715017258574      -0.45545439111562008     
  0.18350988720542352      -0.45511743758754275     
  0.18669940931641793      -0.45476796939225123     
  0.18989574179356503      -0.45440585677707879     
  0.19309890786457024      -0.45403096775660268     
  0.19630892862789037      -0.45364316809878785     
  0.19952582298203667      -0.45324232131157405     
  0.20274960755309521      -0.45282828862994640     
  0.20598029662045061      -0.45240092900352852     
  0.20921790204067867      -0.45196009908474039     
  0.21246243316958921      -0.45150565321756003     
  0.21571389678238423      -0.45103744342693891     
  0.21897229699191831      -0.45055531940891158     
  0.22223763516502593      -0.45005912852145258     
  0.22550990983690594      -0.44954871577612654     
  0.22878911662353096      -0.44902392383058520     
  0.23207524813206692      -0.44848459298196447     
  0.23536829386928557      -0.44793056116123720     
  0.23866824014795079      -0.44736166392857807     
  0.24197506999116206      -0.44677773446980246     
  0.24528876303464120      -0.44617860359393841     
  0.24860929542695742      -0.44556409973199673     
  0.25193663972767122      -0.44493404893700561     
  0.25527076480339123      -0.44428827488537653     
  0.25861163572175105      -0.44362659887967232     
  0.26195921364328306      -0.44294883985284927     
  0.26531345571120590      -0.44225481437405023     
  0.26867431493911770      -0.44154433665602200     
  0.27204174009661153      -0.44081721856423961     
  0.27541567559280766      -0.44007326962781762     
  0.27879606135783142      -0.43931229705229152     
  0.28218283272223654      -0.43853410573435792     
  0.28557592029440942      -0.43773849827865913     
  0.28897524983596518      -0.43692527501670531     
  0.29238074213517090      -0.43609423402802605     
  0.29579231287842889      -0.43524517116364769     
  0.29920987251985481      -0.43437788007199152     
  0.30263332614899507      -0.43349215222729781     
  0.30606257335672743      -0.43258777696067197     
  0.30949750809940824      -0.43166454149386080     
  0.31293801856131293      -0.43072223097586387     
  0.31638398701544257      -0.42976062852248886     
  0.31983528968276698      -0.42877951525895891     
  0.32329179658998425      -0.42777867036568773     
  0.32675337142587568      -0.42675787112733243     
  0.33021987139635334      -0.42571689298524285     
  0.33369114707830394      -0.42465550959342030     
  0.33716704227232464      -0.42357349287810925     
  0.34064739385448189      -0.42247061310113493     
  0.34413203162720196      -0.42134663892711427     
  0.34762077816943993      -0.42020133749465510     
  0.35111344868625860      -0.41903447449167069     
  0.35460985085797464      -0.41784581423492845     
  0.35810978468902555      -0.41663511975395956     
  0.36161304235674158      -0.41540215287944526     
  0.36511940806018656      -0.41414667433621111     
  0.36862865786926768      -0.41286844384094412     
  0.37214055957431830      -0.41156722020475539     
  0.37565487253635993      -0.41024276144071020     
  0.37917134753826837      -0.40889482487644024     
  0.38268972663708523      -0.40752316727195731     
  0.38620974301771421      -0.40612754494277792     
  0.38973112084826367      -0.40470771388847609     
  0.39325357513730724      -0.40326342992676578     
  0.39677681159334116      -0.40179444883322241     
  0.40030052648673925      -0.40030052648673936     
  0.40382440651450763      -0.39878141902081699     
  0.40734812866815867      -0.39723688298077686     
  0.41087136010504149      -0.39566667548697898     
  0.41439375802346579      -0.39407055440412825     
  0.41791496954198371      -0.39244827851673580     
  0.42143463158318711      -0.39079960771080358     
  0.42495237076242182      -0.38912430316178226     
  0.42846780328178674      -0.38742212752885591     
  0.43198053482984200      -0.38569284515558661     
  0.43549016048743211      -0.38393622227694968     
  0.43899626464006003      -0.38215202723277109     
  0.44249842089723912      -0.38034003068757855     
  0.44599619201928198      -0.37850000585685334     
  0.44948912985198086      -0.37663172873966494     
  0.45297677526964214      -0.37473497835765418     
  0.45645865812695757      -0.37280953700031516     
  0.45993429722019069      -0.37085519047651277     
  0.46340320025817233      -0.36887172837215265     
  0.46686486384359982      -0.36685894431390881     
  0.47031877346514006      -0.36481663623889354     
  0.47376440350083937      -0.36274460667013497     
  0.47720121723335912      -0.36064266299770825     
  0.48062866687753070      -0.35851061776535070     
  0.48404619362074702      -0.35634828896236787     
  0.48745322767670723      -0.35415550032060772     
  0.49084918835300057      -0.35193208161627926     
  0.49423348413304863      -0.34967786897634529     
  0.49760551277288839      -0.34739270518921411     
  0.50096466141329499      -0.34507644001941762     
  0.50431030670770727      -0.34272893052595388     
  0.50764181496643679      -0.34035004138392966     
  0.51095854231759785      -0.33793964520913372     
  0.51425983488520977      -0.33549762288512663     
  0.51754502898487553      -0.33302386389242322     
  0.52081345133744361      -0.33051826663931161     
  0.52406441930102743      -0.32798073879382328     
  0.52729724112173182      -0.32541119761635240     
  0.53051121620340880      -0.32280957029239071     
  0.53370563539673854      -0.32017579426482379     
  0.53687978130789893      -0.31750981756520053     
  0.54003292862704744      -0.31481159914338019     
  0.54316434447680517      -0.31208110919492171     
  0.54627328878089898      -0.30931832948556520     
  0.54935901465306558      -0.30652325367213351     
  0.55242076880628144      -0.30369588761915994     
  0.55545779198233858      -0.30083624971053108     
  0.55846931940173572      -0.29794437115540595     
  0.56145458123379455      -0.29502029628767462     
  0.56441280308687602      -0.29206408285818092     
  0.56734320651849190      -0.28907580231894525     
  0.57024500956507485      -0.28605554009858691     
  0.57311742729108694      -0.28300339586815892     
  0.57595967235710588      -0.27991948379658499     
  0.57877095560644909      -0.27680393279489479     
  0.58155048666985276      -0.27365688674843458     
  0.58429747458763115      -0.27047850473625684     
  0.58701112844870040      -0.26726896123687183     
  0.58969065804577603      -0.26402844631955547     
  0.59233527454598345      -0.26075716582042857     
  0.59494419117605779      -0.25745534150252003     
  0.59751662392124805      -0.25412321119904518     
  0.60005179223696825      -0.25076102893915297     
  0.60254891977217417      -0.24736906505541556     
  0.60500723510338728      -0.24394760627235260     
  0.60742597247821783      -0.24049695577532010     
  0.60980437256718489      -0.23701743325911434     
  0.61214168322257201      -0.23350937495568358     
  0.61443716024299466      -0.22997313364038116     
  0.61669006814231841      -0.22640907861621745     
  0.61889968092150127      -0.22281759567563630     
  0.62106528284189932      -0.21919908703936822     
  0.62318616919852399      -0.21555397127198034     
  0.62526164709171550      -0.21188268317377090     
  0.62729103619564430      -0.20818567364875012     
  0.62927366952203989      -0.20446340954846762     
  0.63120889417751591      -0.20071637349153695     
  0.63309607211284624      -0.19694506365874742     
  0.63493458086252741      -0.19314999356374477     
  0.63672381427296365      -0.18933169179929862     
  0.63846318321760609      -0.18549070175926502     
  0.64015211629738056      -0.18162758133641360     
  0.64179006052475573      -0.17774290259635456     
  0.64337648198981434      -0.17383725142787906     
  0.64491086650672025      -0.16991122717008786     
  0.64639272023900007      -0.16596544221676032     
  0.64782157030209420      -0.16200052159848596     
  0.64919696534167837      -0.15801710254314633     
  0.65051847608630642      -0.15401583401539798     
  0.65178569587297175      -0.14999737623588943     
  0.65299824114425709      -0.14596240018100015     
  0.65415575191580255      -0.14191158706393700     
  0.65525789221289288      -0.13784562779812365     
  0.65630435047504632      -0.13376522244383274     
  0.65729483992756588      -0.12967107963909560     
  0.65822909891910497      -0.12556391601595346     
  0.65910689122438304      -0.12144445560318716     
  0.65992800631128790      -0.11731342921667721     
  0.66069225957169897      -0.11317157383860818     
  0.66139949251545838      -0.10901963198675868     
  0.66204957292703270      -0.10485835107514653     
  0.66264239498450106      -0.10068848276733172     
  0.66317787934062289       -9.6510782323693825E-002
  0.66365597316583425       -9.2326007944022626E-002
  0.66407665015314254       -8.8134920106775788E-002
  0.66443991048498652       -8.3938280906356397E-002
  0.66474578076224222       -7.9736853389764245E-002
  0.66499431389565944       -7.5531400893985481E-002
  0.66518558896011848       -7.1322686385466585E-002
  0.66531971101220122       -6.7111471802992637E-002
  0.66539681087166602       -6.2898517405309926E-002
  0.66541704486752073       -5.8684581124768875E-002
  0.66538059454947385       -5.4470417928265485E-002
  0.66528766636564096       -5.0256779186706561E-002
  0.66513849130746527       -4.6044412054215444E-002
  0.66493332452289322       -4.1834058858220863E-002
  0.66467244489892430       -3.7626456501566166E-002
  0.66435615461472386       -3.3422335877692597E-002
  0.66398477866655647       -2.9222421299933007E-002
  0.66355866436585331       -2.5027429945878865E-002
  0.66307818081178760       -2.0838071317732573E-002
  0.66254371833977654       -1.6655046719503751E-002
  0.66195568794737403       -1.2479048751848135E-002
  0.66131452069905206       -8.3107608252825874E-003
  0.66062066711140510       -4.1508566924424502E-003
  0.65987459652032787       -1.6162266249345415E-016
