  A                            b
 ----------------------------------
  0.4527  0.0035  0.0396       1.00
  0.1142  0.1675  0.1383       1.00
  0.0630  0.1267  0.0893       1.00
  0.0047  0.2969 -0.0373       1.00
  0.1874  0.1337 -0.1583       1.00
  0.4790  0.0006 -0.0174       1.00
  0.1355  0.0408  0.0744       1.00
  0.0000  0.1421 -0.0007       1.00
  0.0068  0.1231 -0.0289       1.00
  0.2803  0.0851 -0.1545       1.00
 
 alpha
   0.5835   0.0857  -0.0322
   0.0857   0.1944  -0.0114
  -0.0322  -0.0114   0.0857
 
 beta
   1.7236   1.1200  -0.0555
 
 a
   2.2966   4.7993   0.8553
 
