  -4.9500000000000002        3.9999998989515010E-006
  -4.8500000000000005        0.0000000000000000     
  -4.7500000000000000        3.9999998989515010E-006
  -4.6500000000000004        9.9999997473787525E-007
  -4.5499999999999998        1.9000000611413272E-005
  -4.4500000000000002        2.8000000747852026E-005
  -4.3500000000000005        1.0999999358318745E-005
  -4.2500000000000000        3.8000001222826543E-005
  -4.1500000000000004        7.8000000212341550E-005
  -4.0499999999999998        9.8999997135251760E-005
  -3.9500000000000002        1.1599999852478504E-004
  -3.8500000000000001        2.5599999353289606E-004
  -3.7500000000000000        3.3299999777227642E-004
  -3.6500000000000004        5.6199999526143076E-004
  -3.5500000000000003        7.4299997650086882E-004
  -3.4500000000000002        9.7599998116493225E-004
  -3.3500000000000001        1.4360000379383564E-003
  -3.2500000000000000        1.9260000437498093E-003
  -3.1500000000000004        2.9529999941587449E-003
  -3.0500000000000003        3.8589999079704286E-003
  -2.9500000000000002        5.1869999617338179E-003
  -2.8500000000000001        7.0690006017684933E-003
  -2.7500000000000000        9.1090001165866855E-003
  -2.6500000000000004        1.1726999282836914E-002
  -2.5500000000000003        1.5591999888420105E-002
  -2.4500000000000002        1.9688001275062560E-002
  -2.3500000000000001        2.5341999530792237E-002
  -2.2500000000000000        3.1598001718521118E-002
  -2.1500000000000004        4.0279999375343323E-002
  -2.0500000000000003        4.8799997568130492E-002
  -1.9500000000000002        5.9715002775192261E-002
  -1.8500000000000001        7.1121996641159063E-002
  -1.7500000000000000        8.7184000015258792E-002
  -1.6500000000000004       0.10246300697326660     
  -1.5500000000000003       0.12133800983428955     
  -1.4500000000000002       0.14075499773025513     
  -1.3500000000000001       0.16047301292419433     
  -1.2500000000000000       0.18208799362182618     
  -1.1500000000000004       0.20685799121856691     
  -1.0500000000000003       0.22946100234985350     
 -0.95000000000000018       0.25440101623535155     
 -0.85000000000000053       0.27970499992370607     
 -0.75000000000000000       0.30298800468444825     
 -0.65000000000000036       0.32035899162292480     
 -0.54999999999999982       0.34305400848388673     
 -0.45000000000000018       0.36306798458099365     
 -0.35000000000000053       0.37516698837280271     
 -0.25000000000000000       0.38901500701904296     
 -0.15000000000000036       0.39336302280426028     
  -4.9999999999999822E-002  0.39863798618316648     
   4.9999999999999822E-002  0.39599499702453611     
  0.14999999999999947       0.39429299831390380     
  0.25000000000000000       0.38541600704193113     
  0.34999999999999964       0.37526900768280030     
  0.45000000000000018       0.35861997604370116     
  0.54999999999999982       0.34168102741241457     
  0.64999999999999947       0.32253499031066896     
  0.75000000000000000       0.30136098861694338     
  0.84999999999999964       0.27705600261688235     
  0.95000000000000018       0.25375399589538572     
   1.0499999999999998       0.22889699935913085     
   1.1499999999999995       0.20616798400878905     
   1.2500000000000000       0.18136199712753295     
   1.3499999999999996       0.16104899644851683     
   1.4500000000000002       0.14020799398422240     
   1.5499999999999998       0.11996200084686279     
   1.6499999999999995       0.10200899839401245     
   1.7500000000000000        8.6139005422592160E-002
   1.8499999999999996        7.2029000520706182E-002
   1.9500000000000002        5.9707999229431152E-002
   2.0499999999999998        4.8822999000549316E-002
   2.1499999999999995        3.9478000998497007E-002
   2.2500000000000000        3.1600999832153323E-002
   2.3499999999999996        2.5488999485969544E-002
   2.4500000000000002        2.0010000467300414E-002
   2.5499999999999998        1.4970000088214874E-002
   2.6499999999999995        1.2137000262737275E-002
   2.7500000000000000        9.4879999756813053E-003
   2.8499999999999996        6.7669995129108432E-003
   2.9500000000000002        5.3269997239112857E-003
   3.0499999999999998        3.7030000239610672E-003
   3.1499999999999995        2.7470000088214873E-003
   3.2499999999999991        1.9370000809431076E-003
   3.3500000000000005        1.5089999884366988E-003
   3.4500000000000002        1.0809999890625476E-003
   3.5499999999999998        8.7200002744793894E-004
   3.6499999999999995        5.6900000199675558E-004
   3.7499999999999991        2.6699998416006564E-004
   3.8500000000000005        2.4099999573081731E-004
   3.9500000000000002        1.5999999595806003E-004
   4.0499999999999998        8.8999996660277250E-005
   4.1499999999999995        7.6000002445653086E-005
   4.2499999999999991        4.2000002576969567E-005
   4.3500000000000005        2.8999999631196261E-005
   4.4500000000000002        7.9999997979030020E-006
   4.5499999999999998        4.9999998736893758E-006
   4.6499999999999995        1.2000000424450263E-005
   4.7499999999999991        9.9999997473787525E-007
   4.8500000000000005        1.9999999494757505E-006
   4.9500000000000002        0.0000000000000000     
