           3   1.92671418E-02   1.43080950E-03   8.22544098E-06
           5   4.75585461E-03   8.12411308E-05   3.57627869E-07
           7   2.10881233E-03   1.57952309E-05   1.78813934E-07
           9   1.18523836E-03   4.94718552E-06   2.38418579E-07
          11   7.58230686E-04   2.02655792E-06   1.19209290E-07
          13   5.26428223E-04   1.01327896E-06   2.38418579E-07
          15   3.86834145E-04   5.96046448E-07   1.78813934E-07
          17   2.95996666E-04   2.98023224E-07   2.38418579E-07
          19   2.34067440E-04   1.78813934E-07   1.78813934E-07
          21   1.89483166E-04   1.19209290E-07   2.98023224E-07
          23   1.56581402E-04   5.96046448E-08   2.98023224E-07
          25   1.31607056E-04   5.96046448E-08   5.96046448E-08
          27   1.12116337E-04   5.96046448E-08   1.78813934E-07
          29   9.66787338E-05   5.96046448E-08   2.98023224E-07
          31   8.42809677E-05   5.96046448E-08   2.38418579E-07
          33   7.40289688E-05   5.96046448E-08   2.38418579E-07
          35   6.56843185E-05   5.96046448E-08   2.38418579E-07
          37   5.84125519E-05   5.96046448E-08   1.78813934E-07
          39   5.25712967E-05   5.96046448E-08   6.55651093E-07
          41   4.74452972E-05   5.96046448E-08   5.96046448E-07
          43   4.30345535E-05   5.96046448E-08   5.96046448E-07
          45   3.91006470E-05   5.96046448E-08   4.17232513E-07
          47   3.59416008E-05   1.19209290E-07   6.55651093E-07
          49   3.29017639E-05   5.96046448E-08   4.17232513E-07
          51   3.02791595E-05   5.96046448E-08   4.17232513E-07
          53   2.78949738E-05   1.78813934E-07   5.36441803E-07
          55   2.61068344E-05   5.96046448E-08   2.38418579E-07
          57   2.40802765E-05   5.96046448E-08   1.78813934E-07
          59   2.25901604E-05   1.19209290E-07   1.78813934E-07
          61   2.11000443E-05   1.19209290E-07   1.19209290E-07
          63   1.96099281E-05   5.96046448E-08   0.00000000    
          65   1.86562538E-05   5.96046448E-08   1.78813934E-07
          67   1.73449516E-05   1.19209290E-07   1.78813934E-07
          69   1.63316727E-05   5.96046448E-08   1.19209290E-07
          71   1.53779984E-05   2.98023224E-07   1.19209290E-07
          73   1.46031380E-05   1.78813934E-07   1.78813934E-07
          75   1.38282776E-05   5.96046448E-08   5.96046448E-08
          77   1.32322311E-05   1.19209290E-07   2.98023224E-07
          79   1.23977661E-05   5.96046448E-08   3.57627869E-07
          81   1.18017197E-05   5.96046448E-08   2.98023224E-07
          83   1.11460686E-05   1.19209290E-07   1.78813934E-07
          85   1.07884407E-05   5.96046448E-08   1.31130219E-06
          87   1.01327896E-05   5.96046448E-08   1.07288361E-06
          89   9.65595245E-06   1.19209290E-07   1.13248825E-06
          91   9.41753387E-06   5.96046448E-08   1.13248825E-06
          93   8.88109207E-06   1.19209290E-07   1.07288361E-06
          95   8.76188278E-06   5.96046448E-08   1.01327896E-06
          97   8.28504562E-06   5.96046448E-08   7.74860382E-07
          99   7.98702240E-06   1.78813934E-07   6.55651093E-07
         101   7.62939453E-06   1.19209290E-07   1.01327896E-06
         103   7.27176666E-06   2.98023224E-07   1.07288361E-06
         105   7.15255737E-06   1.78813934E-07   6.55651093E-07
         107   6.85453415E-06   5.96046448E-08   5.36441803E-07
         109   6.31809235E-06   5.96046448E-08   5.96046448E-07
         111   6.37769699E-06   1.78813934E-07   4.17232513E-07
         113   6.07967377E-06   1.78813934E-07   7.74860382E-07
         115   5.96046448E-06   1.19209290E-07   5.36441803E-07
         117   5.48362732E-06   5.96046448E-08   6.55651093E-07
         119   5.36441803E-06   1.19209290E-07   7.74860382E-07
         121   5.12599945E-06   2.98023224E-07   5.36441803E-07
         123   4.94718552E-06   1.19209290E-07   3.57627869E-07
         125   5.12599945E-06   1.78813934E-07   5.96046448E-07
         127   5.18560410E-06   1.19209290E-07   2.98023224E-07
         129   4.52995300E-06   1.19209290E-07   9.53674316E-07
         131   4.41074371E-06   1.19209290E-07   6.55651093E-07
         133   4.41074371E-06   1.78813934E-07   4.76837158E-07
         135   4.11272049E-06   1.19209290E-07   6.55651093E-07
         137   4.29153442E-06   5.96046448E-08   4.76837158E-07
         139   3.93390656E-06   1.19209290E-07   1.78813934E-07
         141   3.69548798E-06   1.19209290E-07   4.76837158E-07
         143   3.87430191E-06   1.19209290E-07   5.36441803E-07
         145   3.57627869E-06   1.19209290E-07   4.76837158E-07
         147   3.57627869E-06   1.78813934E-07   5.96046448E-07
         149   3.63588333E-06   2.98023224E-07   5.96046448E-08
         151   3.33786011E-06   5.96046448E-08   1.78813934E-07
         153   3.21865082E-06   5.96046448E-08   5.36441803E-07
         155   3.45706940E-06   5.96046448E-08   2.98023224E-07
         157   3.03983688E-06   1.78813934E-07   7.15255737E-07
         159   3.03983688E-06   2.98023224E-07   2.98023224E-07
         161   3.09944153E-06   5.96046448E-08   0.00000000    
         163   2.74181366E-06   1.78813934E-07   1.19209290E-07
         165   2.62260437E-06   1.19209290E-07   5.96046448E-08
         167   2.44379044E-06   5.96046448E-08   6.55651093E-07
         169   2.50339508E-06   1.19209290E-07   4.17232513E-07
         171   2.92062759E-06   5.96046448E-08   2.38418579E-07
         173   2.56299973E-06   1.19209290E-07   5.96046448E-07
         175   2.44379044E-06   5.96046448E-08   2.98023224E-07
         177   2.32458115E-06   1.78813934E-07   2.98023224E-07
         179   2.08616257E-06   1.78813934E-07   4.76837158E-07
         181   2.50339508E-06   5.96046448E-08   3.57627869E-07
         183   2.56299973E-06   1.19209290E-07   3.57627869E-07
         185   1.84774399E-06   1.19209290E-07   2.38418579E-07
         187   2.44379044E-06   1.19209290E-07   5.36441803E-07
         189   2.26497650E-06   1.19209290E-07   1.78813934E-07
         191   1.96695328E-06   1.19209290E-07   3.57627869E-07
         193   2.14576721E-06   1.19209290E-07   7.15255737E-07
         195   2.14576721E-06   5.96046448E-08   5.96046448E-07
         197   2.14576721E-06   1.19209290E-07   4.17232513E-07
         199   2.02655792E-06   1.78813934E-07   2.38418579E-07
         201   1.84774399E-06   1.78813934E-07   1.78813934E-07
         203   1.90734863E-06   2.98023224E-07   5.96046448E-08
         205   1.96695328E-06   1.19209290E-07   3.57627869E-07
         207   1.84774399E-06   1.78813934E-07   4.76837158E-07
         209   1.84774399E-06   1.19209290E-07   5.36441803E-07
         211   1.90734863E-06   1.78813934E-07   5.96046448E-08
         213   1.78813934E-06   5.96046448E-08   3.57627869E-07
         215   1.37090683E-06   5.96046448E-08   2.98023224E-07
         217   1.72853470E-06   1.19209290E-07   2.38418579E-07
         219   1.66893005E-06   1.78813934E-07   2.38418579E-07
         221   1.54972076E-06   5.96046448E-08   0.00000000    
         223   1.54972076E-06   1.19209290E-07   5.96046448E-08
         225   1.60932541E-06   1.19209290E-07   4.76837158E-07
         227   1.54972076E-06   1.19209290E-07   0.00000000    
         229   1.54972076E-06   1.78813934E-07   2.98023224E-07
         231   1.72853470E-06   1.78813934E-07   5.36441803E-07
         233   1.66893005E-06   1.19209290E-07   4.76837158E-07
         235   1.37090683E-06   5.96046448E-08   5.96046448E-08
         237   1.31130219E-06   1.19209290E-07   2.38418579E-07
         239   1.43051147E-06   5.36441803E-07   5.36441803E-07
         241   1.25169754E-06   3.57627869E-07   1.78813934E-07
         243   1.19209290E-06   1.19209290E-07   3.57627869E-07
         245   1.60932541E-06   1.78813934E-07   5.96046448E-08
         247   1.49011612E-06   1.19209290E-07   4.76837158E-07
         249   1.25169754E-06   5.96046448E-08   2.38418579E-07
         251   1.13248825E-06   1.19209290E-07   4.76837158E-07
         253   5.96046448E-07   5.96046448E-08   1.19209290E-07
         255   1.19209290E-06   1.78813934E-07   3.57627869E-07
         257   1.19209290E-06   5.96046448E-08   5.96046448E-08
         259   1.01327896E-06   1.19209290E-07   0.00000000    
         261   9.53674316E-07   3.57627869E-07   5.96046448E-08
         263   1.01327896E-06   1.78813934E-07   5.96046448E-08
         265   1.31130219E-06   5.96046448E-08   1.78813934E-07
         267   1.37090683E-06   5.96046448E-08   2.98023224E-07
         269   1.19209290E-06   1.19209290E-07   3.57627869E-07
         271   9.53674316E-07   1.78813934E-07   2.98023224E-07
         273   1.13248825E-06   1.19209290E-07   4.76837158E-07
         275   1.31130219E-06   5.36441803E-07   3.57627869E-07
         277   1.01327896E-06   1.19209290E-07   5.36441803E-07
         279   8.94069672E-07   5.96046448E-08   1.19209290E-07
         281   1.25169754E-06   5.96046448E-08   1.19209290E-07
         283   7.74860382E-07   1.19209290E-07   2.38418579E-07
         285   1.07288361E-06   2.98023224E-07   4.17232513E-07
         287   1.01327896E-06   1.19209290E-07   2.98023224E-07
         289   1.13248825E-06   2.98023224E-07   1.19209290E-07
         291   1.19209290E-06   1.78813934E-07   1.19209290E-07
         293   1.01327896E-06   5.36441803E-07   5.96046448E-08
         295   6.55651093E-07   1.78813934E-07   4.17232513E-07
         297   5.96046448E-07   1.19209290E-07   2.38418579E-07
         299   9.53674316E-07   1.19209290E-07   2.38418579E-07
         301   5.96046448E-07   5.96046448E-08   1.78813934E-07
         303   1.07288361E-06   1.19209290E-07   2.98023224E-07
         305   9.53674316E-07   5.96046448E-08   1.78813934E-07
         307   7.74860382E-07   1.19209290E-07   4.17232513E-07
         309   8.94069672E-07   1.19209290E-07   3.57627869E-07
         311   8.94069672E-07   5.96046448E-08   1.19209290E-07
         313   7.74860382E-07   1.19209290E-07   1.19209290E-07
         315   7.15255737E-07   1.19209290E-07   1.78813934E-07
         317   8.94069672E-07   5.96046448E-08   5.96046448E-08
         319   1.01327896E-06   1.78813934E-07   1.19209290E-07
         321   3.57627869E-07   4.17232513E-07   2.38418579E-07
         323   8.34465027E-07   1.19209290E-07   7.15255737E-07
         325   1.01327896E-06   4.17232513E-07   2.98023224E-07
         327   1.01327896E-06   1.19209290E-07   1.78813934E-07
         329   7.15255737E-07   1.19209290E-07   2.98023224E-07
         331   7.15255737E-07   1.19209290E-07   0.00000000    
         333   1.13248825E-06   1.19209290E-07   1.78813934E-07
         335   8.94069672E-07   5.96046448E-08   1.78813934E-07
         337   6.55651093E-07   1.78813934E-07   1.78813934E-07
         339   7.74860382E-07   5.96046448E-08   3.57627869E-07
         341   5.96046448E-07   5.96046448E-08   4.17232513E-07
         343   7.74860382E-07   3.57627869E-07   1.19209290E-07
         345   1.01327896E-06   1.78813934E-07   2.98023224E-07
         347   4.76837158E-07   1.19209290E-07   1.19209290E-07
         349   8.34465027E-07   5.36441803E-07   5.96046448E-08
         351   7.74860382E-07   2.98023224E-07   2.98023224E-07
         353   7.15255737E-07   1.78813934E-07   1.19209290E-07
         355   7.15255737E-07   1.19209290E-07   4.17232513E-07
         357   1.78813934E-07   3.57627869E-07   1.19209290E-07
         359   1.78813934E-07   2.98023224E-07   1.19209290E-07
         361   7.15255737E-07   5.96046448E-08   2.38418579E-07
         363   4.76837158E-07   1.78813934E-07   6.55651093E-07
         365   2.98023224E-07   1.19209290E-07   1.78813934E-07
         367   4.76837158E-07   1.78813934E-07   5.96046448E-08
         369   5.96046448E-07   3.57627869E-07   7.74860382E-07
         371   5.36441803E-07   1.19209290E-07   1.19209290E-07
         373   3.57627869E-07   1.78813934E-07   5.96046448E-08
         375   5.96046448E-07   1.19209290E-07   3.57627869E-07
         377   4.76837158E-07   1.78813934E-07   1.19209290E-07
         379   6.55651093E-07   2.98023224E-07   2.38418579E-07
         381   4.76837158E-07   1.78813934E-07   5.96046448E-08
         383   1.01327896E-06   1.78813934E-07   5.96046448E-08
         385   1.19209290E-07   1.19209290E-07   1.19209290E-07
         387   6.55651093E-07   2.98023224E-07   5.96046448E-08
         389   4.76837158E-07   2.98023224E-07   4.17232513E-07
         391   5.96046448E-07   1.78813934E-07   1.19209290E-07
         393   4.17232513E-07   1.19209290E-07   5.96046448E-08
         395   5.36441803E-07   1.78813934E-07   1.19209290E-07
         397   6.55651093E-07   2.98023224E-07   1.19209290E-07
         399   3.57627869E-07   5.96046448E-08   6.55651093E-07
         401   4.76837158E-07   3.57627869E-07   1.78813934E-07
         403   4.17232513E-07   2.98023224E-07   1.78813934E-07
         405   7.15255737E-07   5.96046448E-08   5.96046448E-08
         407   1.78813934E-07   1.19209290E-07   3.57627869E-07
         409   1.19209290E-07   1.19209290E-07   4.76837158E-07
         411   1.78813934E-07   5.96046448E-08   2.38418579E-07
         413   7.15255737E-07   1.19209290E-07   2.38418579E-07
         415   6.55651093E-07   1.19209290E-07   2.38418579E-07
         417   4.76837158E-07   5.36441803E-07   3.57627869E-07
         419   5.36441803E-07   4.17232513E-07   4.76837158E-07
         421   2.98023224E-07   5.96046448E-08   3.57627869E-07
         423   3.57627869E-07   5.96046448E-08   3.57627869E-07
         425   1.19209290E-07   1.78813934E-07   5.96046448E-07
         427   1.78813934E-07   2.98023224E-07   5.96046448E-07
         429   2.38418579E-07   1.78813934E-07   5.96046448E-08
         431   5.36441803E-07   1.19209290E-07   4.76837158E-07
         433   2.38418579E-07   1.78813934E-07   5.96046448E-08
         435   2.98023224E-07   2.98023224E-07   1.19209290E-07
         437   2.98023224E-07   3.57627869E-07   1.78813934E-07
         439   4.76837158E-07   1.78813934E-07   1.78813934E-07
         441   0.00000000       1.19209290E-07   2.98023224E-07
         443   2.38418579E-07   1.78813934E-07   0.00000000    
         445   7.74860382E-07   1.78813934E-07   1.78813934E-07
         447   2.98023224E-07   2.98023224E-07   2.98023224E-07
         449   2.98023224E-07   1.19209290E-07   1.19209290E-07
         451   4.17232513E-07   1.78813934E-07   7.15255737E-07
         453   1.19209290E-07   1.78813934E-07   5.96046448E-08
         455   1.78813934E-07   5.96046448E-08   5.96046448E-07
         457   1.19209290E-07   1.78813934E-07   5.96046448E-08
         459   5.96046448E-08   5.96046448E-08   1.78813934E-07
         461   5.96046448E-08   2.98023224E-07   2.38418579E-07
         463   7.15255737E-07   3.57627869E-07   3.57627869E-07
         465   1.19209290E-07   1.78813934E-07   6.55651093E-07
         467   4.76837158E-07   1.78813934E-07   7.74860382E-07
         469   4.17232513E-07   4.17232513E-07   1.19209290E-07
         471   3.57627869E-07   5.96046448E-08   3.57627869E-07
         473   4.17232513E-07   1.78813934E-07   4.17232513E-07
         475   3.57627869E-07   1.19209290E-07   2.98023224E-07
         477   5.36441803E-07   1.19209290E-07   3.57627869E-07
         479   1.78813934E-07   4.17232513E-07   1.19209290E-07
         481   2.98023224E-07   3.57627869E-07   2.98023224E-07
         483   1.19209290E-07   2.98023224E-07   0.00000000    
         485   2.98023224E-07   1.78813934E-07   5.96046448E-08
         487   3.57627869E-07   2.98023224E-07   1.78813934E-07
         489   3.57627869E-07   1.19209290E-07   5.96046448E-08
         491   4.17232513E-07   5.96046448E-08   2.98023224E-07
         493   5.96046448E-08   5.96046448E-08   0.00000000    
         495   5.36441803E-07   3.57627869E-07   7.15255737E-07
         497   1.78813934E-07   1.19209290E-07   5.96046448E-08
         499   0.00000000       3.57627869E-07   3.57627869E-07
         501   3.57627869E-07   1.19209290E-07   4.76837158E-07
         503   1.19209290E-07   2.98023224E-07   5.96046448E-08
         505   1.78813934E-07   5.96046448E-08   4.17232513E-07
         507   4.17232513E-07   1.19209290E-07   8.34465027E-07
         509   0.00000000       2.98023224E-07   2.38418579E-07
         511   9.53674316E-07   1.19209290E-07   8.34465027E-07
         513   0.00000000       1.19209290E-07   2.38418579E-07
         515   3.57627869E-07   4.17232513E-07   5.96046448E-08
         517   1.19209290E-07   2.98023224E-07   0.00000000    
         519   1.78813934E-07   1.19209290E-07   1.78813934E-07
         521   7.15255737E-07   3.57627869E-07   5.36441803E-07
         523   4.76837158E-07   4.17232513E-07   7.15255737E-07
         525   5.36441803E-07   2.98023224E-07   7.15255737E-07
         527   2.38418579E-07   2.98023224E-07   0.00000000    
         529   6.55651093E-07   2.98023224E-07   2.98023224E-07
         531   5.36441803E-07   5.96046448E-08   5.96046448E-08
         533   3.57627869E-07   5.36441803E-07   1.78813934E-07
         535   7.74860382E-07   1.19209290E-07   1.19209290E-07
         537   3.57627869E-07   1.19209290E-07   5.96046448E-08
         539   5.36441803E-07   2.98023224E-07   2.98023224E-07
         541   4.17232513E-07   1.78813934E-07   1.78813934E-07
         543   4.17232513E-07   5.96046448E-08   2.38418579E-07
         545   7.74860382E-07   1.78813934E-07   8.34465027E-07
         547   4.17232513E-07   5.96046448E-08   4.17232513E-07
         549   1.78813934E-07   2.98023224E-07   7.15255737E-07
         551   2.38418579E-07   5.96046448E-07   1.78813934E-07
         553   5.96046448E-08   1.78813934E-07   7.15255737E-07
         555   1.78813934E-07   1.78813934E-07   5.96046448E-07
         557   5.36441803E-07   8.94069672E-07   1.19209290E-07
         559   7.74860382E-07   1.78813934E-07   7.15255737E-07
         561   5.96046448E-08   8.34465027E-07   7.15255737E-07
         563   5.96046448E-08   2.98023224E-07   2.38418579E-07
         565   6.55651093E-07   5.96046448E-08   0.00000000    
         567   7.15255737E-07   2.98023224E-07   5.96046448E-07
         569   7.15255737E-07   5.96046448E-08   1.66893005E-06
         571   5.36441803E-07   5.96046448E-08   8.34465027E-07
         573   3.57627869E-07   3.57627869E-07   1.37090683E-06
         575   3.57627869E-07   1.78813934E-07   1.37090683E-06
         577   2.98023224E-07   5.96046448E-08   1.07288361E-06
         579   3.57627869E-07   5.96046448E-08   1.13248825E-06
         581   4.17232513E-07   1.19209290E-07   1.19209290E-06
         583   4.76837158E-07   1.19209290E-07   1.49011612E-06
         585   4.17232513E-07   3.57627869E-07   1.72853470E-06
         587   2.98023224E-07   1.78813934E-07   1.54972076E-06
         589   4.17232513E-07   5.36441803E-07   8.34465027E-07
         591   3.57627869E-07   1.19209290E-07   1.25169754E-06
         593   2.38418579E-07   1.19209290E-07   9.53674316E-07
         595   3.57627869E-07   1.78813934E-07   1.07288361E-06
         597   1.78813934E-07   1.19209290E-07   1.31130219E-06
         599   1.19209290E-07   3.57627869E-07   1.96695328E-06
         601   3.57627869E-07   1.19209290E-07   3.39746475E-06
         603   9.53674316E-07   5.96046448E-08   2.80141830E-06
         605   1.78813934E-07   3.57627869E-07   3.03983688E-06
         607   4.17232513E-07   5.36441803E-07   3.09944153E-06
         609   2.98023224E-07   5.96046448E-08   2.50339508E-06
         611   1.19209290E-07   5.96046448E-08   2.50339508E-06
         613   1.19209290E-07   1.19209290E-07   2.92062759E-06
         615   5.96046448E-07   1.19209290E-07   3.21865082E-06
         617   2.38418579E-07   1.19209290E-07   3.93390656E-06
         619   2.98023224E-07   1.78813934E-07   3.81469727E-06
         621   5.96046448E-08   4.17232513E-07   3.21865082E-06
         623   5.36441803E-07   1.19209290E-07   3.75509262E-06
         625   1.78813934E-07   1.78813934E-07   3.51667404E-06
         627   1.78813934E-07   4.17232513E-07   3.99351120E-06
         629   3.57627869E-07   1.19209290E-07   3.99351120E-06
         631   5.96046448E-08   1.19209290E-07   3.81469727E-06
         633   5.96046448E-07   5.96046448E-07   3.63588333E-06
         635   1.19209290E-07   2.98023224E-07   4.58955765E-06
         637   2.98023224E-07   1.19209290E-07   4.05311584E-06
         639   1.78813934E-07   1.19209290E-07   4.17232513E-06
         641   2.38418579E-07   5.96046448E-08   4.64916229E-06
         643   2.98023224E-07   3.57627869E-07   4.29153442E-06
         645   2.38418579E-07   3.57627869E-07   4.29153442E-06
         647   3.57627869E-07   2.98023224E-07   4.05311584E-06
         649   1.19209290E-07   3.57627869E-07   4.35113907E-06
         651   4.17232513E-07   3.57627869E-07   4.11272049E-06
         653   5.36441803E-07   5.96046448E-08   4.58955765E-06
         655   2.98023224E-07   5.96046448E-07   4.41074371E-06
         657   3.57627869E-07   1.19209290E-07   4.52995300E-06
         659   1.78813934E-07   5.96046448E-08   4.17232513E-06
         661   4.17232513E-07   5.36441803E-07   4.58955765E-06
         663   3.57627869E-07   3.57627869E-07   4.29153442E-06
         665   5.36441803E-07   5.36441803E-07   4.17232513E-06
         667   5.36441803E-07   5.96046448E-07   3.93390656E-06
         669   3.57627869E-07   5.96046448E-08   4.11272049E-06
         671   2.38418579E-07   4.17232513E-07   4.76837158E-06
         673   4.17232513E-07   5.96046448E-08   3.93390656E-06
         675   1.78813934E-07   7.74860382E-07   3.99351120E-06
         677   5.96046448E-08   5.96046448E-08   3.81469727E-06
         679   4.17232513E-07   4.17232513E-07   4.05311584E-06
         681   4.17232513E-07   2.98023224E-07   3.81469727E-06
         683   0.00000000       1.19209290E-07   3.93390656E-06
         685   3.57627869E-07   5.96046448E-08   3.87430191E-06
         687   0.00000000       1.78813934E-07   4.41074371E-06
         689   1.19209290E-07   1.78813934E-07   3.99351120E-06
         691   2.38418579E-07   2.98023224E-07   4.41074371E-06
         693   4.76837158E-07   1.78813934E-07   3.69548798E-06
         695   5.96046448E-08   5.96046448E-08   3.93390656E-06
         697   5.36441803E-07   3.57627869E-07   3.87430191E-06
         699   3.57627869E-07   5.96046448E-07   3.93390656E-06
         701   1.19209290E-07   1.19209290E-07   3.87430191E-06
         703   3.57627869E-07   2.98023224E-07   3.39746475E-06
         705   1.78813934E-07   1.78813934E-07   3.03983688E-06
         707   5.96046448E-08   1.78813934E-07   3.15904617E-06
         709   1.19209290E-07   5.96046448E-08   3.87430191E-06
         711   1.01327896E-06   3.57627869E-07   3.99351120E-06
         713   2.98023224E-07   3.57627869E-07   3.99351120E-06
         715   4.17232513E-07   1.78813934E-07   4.35113907E-06
         717   0.00000000       1.19209290E-07   3.51667404E-06
         719   5.96046448E-08   5.96046448E-07   3.87430191E-06
         721   2.38418579E-07   8.94069672E-07   3.57627869E-06
         723   5.96046448E-08   1.78813934E-07   2.62260437E-06
         725   3.57627869E-07   4.17232513E-07   2.98023224E-06
         727   1.19209290E-07   5.96046448E-08   3.21865082E-06
         729   5.36441803E-07   2.98023224E-07   3.87430191E-06
         731   8.34465027E-07   5.96046448E-08   3.63588333E-06
         733   2.98023224E-07   3.57627869E-07   3.69548798E-06
         735   1.19209290E-07   1.78813934E-07   3.51667404E-06
         737   6.55651093E-07   5.96046448E-08   3.21865082E-06
         739   1.19209290E-07   5.96046448E-08   4.11272049E-06
         741   1.78813934E-07   3.57627869E-07   3.39746475E-06
         743   4.76837158E-07   1.19209290E-07   3.93390656E-06
         745   2.98023224E-07   4.17232513E-07   3.81469727E-06
         747   3.57627869E-07   3.57627869E-07   3.45706940E-06
         749   0.00000000       2.98023224E-07   3.21865082E-06
         751   2.38418579E-07   3.57627869E-07   3.69548798E-06
         753   2.98023224E-07   2.98023224E-07   3.15904617E-06
         755   2.98023224E-07   2.98023224E-07   3.27825546E-06
         757   5.96046448E-08   1.78813934E-07   3.09944153E-06
         759   6.55651093E-07   6.55651093E-07   3.03983688E-06
         761   8.94069672E-07   4.17232513E-07   3.51667404E-06
         763   4.17232513E-07   5.96046448E-07   3.21865082E-06
         765   5.96046448E-08   1.19209290E-07   3.15904617E-06
         767   1.19209290E-07   2.98023224E-07   2.80141830E-06
         769   2.98023224E-07   2.98023224E-07   3.57627869E-06
         771   4.17232513E-07   6.55651093E-07   2.86102295E-06
         773   5.96046448E-08   1.19209290E-07   3.21865082E-06
         775   5.96046448E-08   3.57627869E-07   3.63588333E-06
         777   5.96046448E-08   1.19209290E-07   2.92062759E-06
         779   1.78813934E-07   2.98023224E-07   3.27825546E-06
         781   4.17232513E-07   4.17232513E-07   3.15904617E-06
         783   1.78813934E-07   5.96046448E-08   2.26497650E-06
         785   2.38418579E-07   1.78813934E-07   3.69548798E-06
         787   1.78813934E-07   3.57627869E-07   2.98023224E-06
         789   5.96046448E-07   5.96046448E-08   2.98023224E-06
         791   5.96046448E-08   5.96046448E-08   3.27825546E-06
         793   4.17232513E-07   5.36441803E-07   2.92062759E-06
         795   3.57627869E-07   4.17232513E-07   2.08616257E-06
         797   4.17232513E-07   5.96046448E-08   3.33786011E-06
         799   7.74860382E-07   4.17232513E-07   3.09944153E-06
         801   5.36441803E-07   5.96046448E-08   2.80141830E-06
         803   5.36441803E-07   2.98023224E-07   2.80141830E-06
         805   1.19209290E-07   5.36441803E-07   3.39746475E-06
         807   2.38418579E-07   5.96046448E-08   2.56299973E-06
         809   2.98023224E-07   2.98023224E-07   3.21865082E-06
         811   1.19209290E-07   3.57627869E-07   3.33786011E-06
         813   1.19209290E-07   3.57627869E-07   3.09944153E-06
         815   6.55651093E-07   5.96046448E-08   3.21865082E-06
         817   1.19209290E-07   6.55651093E-07   3.21865082E-06
         819   3.57627869E-07   5.36441803E-07   3.03983688E-06
         821   5.96046448E-08   5.96046448E-08   3.33786011E-06
         823   1.19209290E-07   1.19209290E-07   2.62260437E-06
         825   7.15255737E-07   5.96046448E-08   2.44379044E-06
         827   5.36441803E-07   1.19209290E-07   3.57627869E-06
         829   6.55651093E-07   5.96046448E-08   2.92062759E-06
         831   5.36441803E-07   3.57627869E-07   2.74181366E-06
         833   3.57627869E-07   1.78813934E-07   3.15904617E-06
         835   0.00000000       1.78813934E-07   2.80141830E-06
         837   9.53674316E-07   5.96046448E-08   2.98023224E-06
         839   1.19209290E-07   1.78813934E-07   3.33786011E-06
         841   2.98023224E-07   3.57627869E-07   2.86102295E-06
         843   2.98023224E-07   5.36441803E-07   2.50339508E-06
         845   5.96046448E-08   5.96046448E-08   2.56299973E-06
         847   2.38418579E-07   2.98023224E-07   2.86102295E-06
         849   8.34465027E-07   4.17232513E-07   2.80141830E-06
         851   4.76837158E-07   4.17232513E-07   3.09944153E-06
         853   4.17232513E-07   1.78813934E-07   2.50339508E-06
         855   1.78813934E-07   4.17232513E-07   2.38418579E-06
         857   1.78813934E-07   2.98023224E-07   1.96695328E-06
         859   4.17232513E-07   1.19209290E-07   2.74181366E-06
         861   1.78813934E-07   1.78813934E-07   2.02655792E-06
         863   0.00000000       5.36441803E-07   2.80141830E-06
         865   3.57627869E-07   3.57627869E-07   2.80141830E-06
         867   1.78813934E-07   5.36441803E-07   2.74181366E-06
         869   7.74860382E-07   1.19209290E-07   1.90734863E-06
         871   5.96046448E-07   2.98023224E-07   2.14576721E-06
         873   2.98023224E-07   5.96046448E-08   2.38418579E-06
         875   5.96046448E-08   1.19209290E-07   2.32458115E-06
         877   0.00000000       1.78813934E-07   2.32458115E-06
         879   7.74860382E-07   5.96046448E-08   2.20537186E-06
         881   0.00000000       2.98023224E-07   2.98023224E-06
         883   3.57627869E-07   4.17232513E-07   2.56299973E-06
         885   5.96046448E-08   1.19209290E-07   2.20537186E-06
         887   5.96046448E-07   4.17232513E-07   3.09944153E-06
         889   1.19209290E-07   5.36441803E-07   2.62260437E-06
         891   2.38418579E-07   1.19209290E-07   2.20537186E-06
         893   1.19209290E-07   1.19209290E-07   1.54972076E-06
         895   3.57627869E-07   5.36441803E-07   1.43051147E-06
         897   1.19209290E-07   1.78813934E-07   1.78813934E-06
         899   4.76837158E-07   3.57627869E-07   2.62260437E-06
         901   3.57627869E-07   1.78813934E-07   2.38418579E-06
         903   2.98023224E-07   1.78813934E-07   2.02655792E-06
         905   1.19209290E-07   1.78813934E-07   2.44379044E-06
         907   2.38418579E-07   1.19209290E-07   2.26497650E-06
         909   5.36441803E-07   1.78813934E-07   2.44379044E-06
         911   1.78813934E-07   5.36441803E-07   3.09944153E-06
         913   6.55651093E-07   2.98023224E-07   2.02655792E-06
         915   2.98023224E-07   8.94069672E-07   2.38418579E-06
         917   7.74860382E-07   1.78813934E-07   2.38418579E-06
         919   6.55651093E-07   3.57627869E-07   2.80141830E-06
         921   0.00000000       5.96046448E-08   2.68220901E-06
         923   1.19209290E-07   5.96046448E-08   2.56299973E-06
         925   2.98023224E-07   2.98023224E-07   2.26497650E-06
         927   3.57627869E-07   1.78813934E-07   1.90734863E-06
         929   1.19209290E-07   3.57627869E-07   2.14576721E-06
         931   0.00000000       1.78813934E-07   2.38418579E-06
         933   5.96046448E-08   8.34465027E-07   2.26497650E-06
         935   4.17232513E-07   5.96046448E-08   2.20537186E-06
         937   4.17232513E-07   4.17232513E-07   2.62260437E-06
         939   6.55651093E-07   5.96046448E-07   2.98023224E-06
         941   4.17232513E-07   4.17232513E-07   1.78813934E-06
         943   4.17232513E-07   4.17232513E-07   1.72853470E-06
         945   0.00000000       4.17232513E-07   2.02655792E-06
         947   7.15255737E-07   1.19209290E-07   1.84774399E-06
         949   8.94069672E-07   1.19209290E-07   2.08616257E-06
         951   7.15255737E-07   2.98023224E-07   2.56299973E-06
         953   1.19209290E-07   1.78813934E-07   2.26497650E-06
         955   4.17232513E-07   1.78813934E-07   1.96695328E-06
         957   4.76837158E-07   1.19209290E-07   1.78813934E-06
         959   5.36441803E-07   1.78813934E-07   2.56299973E-06
         961   3.57627869E-07   1.19209290E-07   2.02655792E-06
         963   0.00000000       4.17232513E-07   2.20537186E-06
         965   4.17232513E-07   4.17232513E-07   2.68220901E-06
         967   2.98023224E-07   1.19209290E-07   1.96695328E-06
         969   6.55651093E-07   5.96046448E-08   1.49011612E-06
         971   7.15255737E-07   4.17232513E-07   1.43051147E-06
         973   4.76837158E-07   2.98023224E-07   2.26497650E-06
         975   2.38418579E-07   2.98023224E-07   2.62260437E-06
         977   2.98023224E-07   1.19209290E-07   2.14576721E-06
         979   3.57627869E-07   5.96046448E-07   1.96695328E-06
         981   4.17232513E-07   3.57627869E-07   1.96695328E-06
         983   3.57627869E-07   5.96046448E-07   2.20537186E-06
         985   6.55651093E-07   4.17232513E-07   2.62260437E-06
         987   5.36441803E-07   3.57627869E-07   2.26497650E-06
         989   1.78813934E-07   1.19209290E-07   2.26497650E-06
         991   1.78813934E-07   2.98023224E-07   2.56299973E-06
         993   7.74860382E-07   1.19209290E-07   1.54972076E-06
         995   4.76837158E-07   1.78813934E-07   1.66893005E-06
         997   1.78813934E-07   1.19209290E-07   1.96695328E-06
         999   1.19209290E-07   1.19209290E-07   1.90734863E-06
        1001   1.19209290E-07   6.55651093E-07   1.49011612E-06
        1003   4.17232513E-07   5.96046448E-07   1.19209290E-06
        1005   2.38418579E-07   5.96046448E-08   1.78813934E-06
        1007   2.38418579E-07   7.74860382E-07   1.66893005E-06
        1009   2.38418579E-07   6.55651093E-07   1.60932541E-06
        1011   2.38418579E-07   1.78813934E-07   1.54972076E-06
        1013   2.98023224E-07   2.98023224E-07   1.90734863E-06
        1015   6.55651093E-07   5.36441803E-07   2.26497650E-06
        1017   1.78813934E-07   7.74860382E-07   2.50339508E-06
        1019   1.78813934E-07   5.96046448E-08   1.72853470E-06
        1021   5.36441803E-07   3.57627869E-07   1.96695328E-06
        1023   4.17232513E-07   8.94069672E-07   2.98023224E-06
        1025   4.17232513E-07   2.98023224E-07   1.54972076E-06
        1027   2.98023224E-07   2.98023224E-07   1.84774399E-06
        1029   2.38418579E-07   1.19209290E-07   1.72853470E-06
        1031   3.57627869E-07   8.94069672E-07   1.54972076E-06
        1033   1.19209290E-07   5.96046448E-07   1.01327896E-06
        1035   1.19209290E-07   3.57627869E-07   9.53674316E-07
        1037   5.96046448E-07   3.57627869E-07   1.43051147E-06
        1039   6.55651093E-07   6.55651093E-07   2.14576721E-06
        1041   2.38418579E-07   2.98023224E-07   1.01327896E-06
        1043   5.36441803E-07   8.34465027E-07   2.02655792E-06
        1045   1.78813934E-07   1.78813934E-07   1.54972076E-06
        1047   1.78813934E-07   2.98023224E-07   1.84774399E-06
        1049   5.36441803E-07   7.74860382E-07   1.60932541E-06
        1051   2.98023224E-07   5.96046448E-08   2.02655792E-06
        1053   5.96046448E-07   2.98023224E-07   2.38418579E-06
        1055   5.36441803E-07   1.19209290E-07   1.54972076E-06
        1057   0.00000000       4.17232513E-07   1.96695328E-06
        1059   1.78813934E-07   8.94069672E-07   1.96695328E-06
        1061   1.78813934E-07   7.74860382E-07   1.54972076E-06
        1063   2.98023224E-07   1.19209290E-07   1.07288361E-06
        1065   1.78813934E-07   2.98023224E-07   1.31130219E-06
        1067   0.00000000       3.57627869E-07   1.31130219E-06
        1069   5.96046448E-08   2.98023224E-07   1.07288361E-06
        1071   0.00000000       1.19209290E-07   1.72853470E-06
        1073   1.19209290E-07   1.01327896E-06   1.78813934E-06
        1075   7.74860382E-07   1.19209290E-07   1.37090683E-06
        1077   5.36441803E-07   5.96046448E-08   6.55651093E-07
        1079   0.00000000       3.57627869E-07   1.90734863E-06
        1081   5.96046448E-08   1.19209290E-07   6.55651093E-07
        1083   3.57627869E-07   2.98023224E-07   8.94069672E-07
        1085   2.98023224E-07   1.78813934E-07   1.19209290E-06
        1087   2.38418579E-07   1.19209290E-07   1.01327896E-06
        1089   1.19209290E-07   5.96046448E-07   2.32458115E-06
        1091   1.19209290E-07   6.55651093E-07   1.84774399E-06
        1093   1.01327896E-06   6.55651093E-07   2.14576721E-06
        1095   1.19209290E-07   3.57627869E-07   1.54972076E-06
        1097   2.38418579E-07   3.57627869E-07   2.26497650E-06
        1099   5.96046448E-07   6.55651093E-07   2.26497650E-06
        1101   5.96046448E-08   6.55651093E-07   1.72853470E-06
        1103   2.38418579E-07   2.98023224E-07   1.01327896E-06
        1105   5.36441803E-07   1.78813934E-07   1.78813934E-06
        1107   3.57627869E-07   5.96046448E-08   1.90734863E-06
        1109   5.36441803E-07   3.57627869E-07   1.60932541E-06
        1111   2.38418579E-07   1.19209290E-07   1.43051147E-06
        1113   2.98023224E-07   5.96046448E-08   1.37090683E-06
        1115   2.98023224E-07   1.19209290E-07   1.49011612E-06
        1117   2.38418579E-07   1.78813934E-07   2.32458115E-06
        1119   2.38418579E-07   2.98023224E-07   8.94069672E-07
        1121   1.07288361E-06   6.55651093E-07   9.53674316E-07
        1123   5.36441803E-07   6.55651093E-07   1.72853470E-06
        1125   4.17232513E-07   2.98023224E-07   2.14576721E-06
        1127   4.17232513E-07   1.19209290E-07   1.60932541E-06
        1129   5.36441803E-07   5.96046448E-07   1.19209290E-06
        1131   2.98023224E-07   7.74860382E-07   1.66893005E-06
        1133   1.60932541E-06   5.36441803E-07   1.84774399E-06
        1135   7.74860382E-07   5.96046448E-08   1.19209290E-06
        1137   1.19209290E-07   2.98023224E-07   7.15255737E-07
        1139   5.36441803E-07   3.57627869E-07   1.43051147E-06
        1141   4.17232513E-07   5.96046448E-08   1.31130219E-06
        1143   2.98023224E-07   2.98023224E-07   1.49011612E-06
        1145   8.94069672E-07   1.19209290E-07   1.31130219E-06
        1147   4.17232513E-07   5.96046448E-07   1.84774399E-06
        1149   1.19209290E-07   5.96046448E-08   2.20537186E-06
        1151   2.98023224E-07   5.96046448E-08   1.72853470E-06
        1153   4.76837158E-07   5.96046448E-08   1.84774399E-06
        1155   1.78813934E-07   3.57627869E-07   1.66893005E-06
        1157   2.38418579E-07   1.19209290E-07   1.66893005E-06
        1159   1.78813934E-07   5.96046448E-07   1.66893005E-06
        1161   5.96046448E-07   4.17232513E-07   1.31130219E-06
        1163   6.55651093E-07   3.57627869E-07   2.38418579E-06
        1165   1.78813934E-07   4.17232513E-07   2.08616257E-06
        1167   2.98023224E-07   6.55651093E-07   1.37090683E-06
        1169   3.57627869E-07   3.57627869E-07   2.02655792E-06
        1171   5.96046448E-08   1.19209290E-07   1.19209290E-06
        1173   2.38418579E-07   1.78813934E-07   1.60932541E-06
        1175   0.00000000       8.94069672E-07   1.13248825E-06
        1177   1.37090683E-06   5.36441803E-07   7.74860382E-07
        1179   5.96046448E-08   2.98023224E-07   1.43051147E-06
        1181   7.74860382E-07   5.96046448E-08   2.26497650E-06
        1183   4.76837158E-07   5.96046448E-08   1.49011612E-06
        1185   0.00000000       5.36441803E-07   2.68220901E-06
        1187   5.36441803E-07   5.96046448E-07   1.37090683E-06
        1189   1.78813934E-07   5.96046448E-08   8.94069672E-07
        1191   4.76837158E-07   3.57627869E-07   2.20537186E-06
        1193   2.38418579E-07   3.57627869E-07   1.31130219E-06
        1195   2.38418579E-07   5.96046448E-07   1.01327896E-06
        1197   1.78813934E-07   3.57627869E-07   1.96695328E-06
        1199   5.96046448E-08   5.96046448E-08   2.20537186E-06
        1201   7.15255737E-07   4.17232513E-07   1.96695328E-06
        1203   4.17232513E-07   2.98023224E-07   9.53674316E-07
        1205   2.98023224E-07   7.74860382E-07   1.66893005E-06
        1207   8.34465027E-07   1.78813934E-07   1.66893005E-06
        1209   1.78813934E-07   1.19209290E-07   1.84774399E-06
        1211   0.00000000       1.78813934E-07   5.96046448E-07
        1213   8.34465027E-07   1.78813934E-07   5.96046448E-08
        1215   1.78813934E-07   3.57627869E-07   1.13248825E-06
        1217   1.19209290E-07   4.17232513E-07   1.07288361E-06
        1219   5.96046448E-08   3.57627869E-07   7.15255737E-07
        1221   4.17232513E-07   5.96046448E-08   3.57627869E-07
        1223   4.17232513E-07   3.57627869E-07   1.49011612E-06
        1225   4.17232513E-07   1.78813934E-07   1.90734863E-06
        1227   5.96046448E-07   5.36441803E-07   9.53674316E-07
        1229   6.55651093E-07   5.36441803E-07   1.60932541E-06
        1231   1.19209290E-07   2.98023224E-07   1.43051147E-06
        1233   8.34465027E-07   4.17232513E-07   1.31130219E-06
        1235   1.19209290E-07   2.98023224E-07   1.60932541E-06
        1237   2.98023224E-07   1.01327896E-06   1.37090683E-06
        1239   5.96046448E-08   1.19209290E-07   1.07288361E-06
        1241   1.19209290E-07   4.17232513E-07   1.25169754E-06
        1243   1.19209290E-07   5.96046448E-08   1.78813934E-06
        1245   5.36441803E-07   1.78813934E-07   7.15255737E-07
        1247   1.19209290E-07   5.36441803E-07   1.66893005E-06
        1249   7.15255737E-07   5.96046448E-07   2.08616257E-06
        1251   5.96046448E-08   8.34465027E-07   1.90734863E-06
        1253   2.98023224E-07   8.34465027E-07   1.54972076E-06
        1255   5.96046448E-08   5.96046448E-08   1.25169754E-06
        1257   1.19209290E-07   5.96046448E-07   1.13248825E-06
        1259   2.38418579E-07   8.94069672E-07   1.31130219E-06
        1261   1.78813934E-07   1.19209290E-07   2.08616257E-06
        1263   9.53674316E-07   5.96046448E-07   1.43051147E-06
        1265   2.38418579E-07   1.19209290E-07   1.90734863E-06
        1267   1.78813934E-07   2.98023224E-07   1.31130219E-06
        1269   5.96046448E-07   1.19209290E-07   1.07288361E-06
        1271   5.96046448E-08   1.19209290E-07   1.78813934E-07
        1273   3.57627869E-07   1.78813934E-07   1.25169754E-06
        1275   4.17232513E-07   2.98023224E-07   1.19209290E-06
        1277   6.55651093E-07   5.96046448E-08   1.66893005E-06
        1279   7.74860382E-07   3.57627869E-07   1.49011612E-06
        1281   1.13248825E-06   1.19209290E-07   6.55651093E-07
        1283   5.36441803E-07   1.19209290E-07   1.19209290E-06
        1285   2.98023224E-07   1.19209290E-07   8.94069672E-07
        1287   7.15255737E-07   5.36441803E-07   1.60932541E-06
        1289   3.57627869E-07   5.96046448E-08   1.66893005E-06
        1291   4.17232513E-07   5.96046448E-08   1.31130219E-06
        1293   6.55651093E-07   2.98023224E-07   1.37090683E-06
        1295   1.01327896E-06   1.19209290E-07   8.34465027E-07
        1297   2.98023224E-07   3.57627869E-07   1.66893005E-06
        1299   1.19209290E-07   5.96046448E-08   9.53674316E-07
        1301   3.57627869E-07   5.36441803E-07   1.19209290E-06
        1303   2.38418579E-07   8.34465027E-07   1.66893005E-06
        1305   5.96046448E-08   3.57627869E-07   1.60932541E-06
        1307   9.53674316E-07   8.94069672E-07   1.01327896E-06
        1309   1.19209290E-07   1.19209290E-07   6.55651093E-07
        1311   2.38418579E-07   4.17232513E-07   7.74860382E-07
        1313   1.78813934E-07   2.98023224E-07   6.55651093E-07
        1315   2.98023224E-07   1.19209290E-07   1.90734863E-06
        1317   2.98023224E-07   5.96046448E-08   1.54972076E-06
        1319   1.78813934E-07   1.19209290E-07   9.53674316E-07
        1321   4.76837158E-07   2.98023224E-07   1.13248825E-06
        1323   7.74860382E-07   1.19209290E-07   7.15255737E-07
        1325   1.78813934E-07   3.57627869E-07   8.94069672E-07
        1327   5.96046448E-08   1.19209290E-07   1.13248825E-06
        1329   4.17232513E-07   3.57627869E-07   1.84774399E-06
        1331   5.96046448E-08   5.36441803E-07   7.74860382E-07
        1333   2.38418579E-07   5.96046448E-07   1.60932541E-06
        1335   8.34465027E-07   5.96046448E-08   1.54972076E-06
        1337   2.38418579E-07   2.98023224E-07   1.37090683E-06
        1339   8.94069672E-07   5.36441803E-07   1.43051147E-06
        1341   1.19209290E-07   1.19209290E-07   1.13248825E-06
        1343   0.00000000       1.19209290E-07   1.01327896E-06
        1345   5.36441803E-07   5.36441803E-07   1.19209290E-06
        1347   3.57627869E-07   8.34465027E-07   1.19209290E-06
        1349   2.38418579E-07   6.55651093E-07   1.01327896E-06
        1351   4.17232513E-07   3.57627869E-07   1.31130219E-06
        1353   1.19209290E-07   2.98023224E-07   1.25169754E-06
        1355   1.78813934E-07   2.98023224E-07   7.74860382E-07
        1357   5.96046448E-08   5.96046448E-08   2.38418579E-07
        1359   0.00000000       1.78813934E-07   2.32458115E-06
        1361   4.17232513E-07   1.19209290E-07   8.94069672E-07
        1363   5.96046448E-07   5.96046448E-07   2.98023224E-07
        1365   4.17232513E-07   3.57627869E-07   1.96695328E-06
        1367   1.19209290E-07   4.17232513E-07   1.13248825E-06
        1369   1.19209290E-07   5.96046448E-08   8.94069672E-07
        1371   3.57627869E-07   7.74860382E-07   1.01327896E-06
        1373   2.98023224E-07   2.98023224E-07   8.94069672E-07
        1375   3.57627869E-07   2.98023224E-07   8.94069672E-07
        1377   7.74860382E-07   3.57627869E-07   8.34465027E-07
        1379   4.76837158E-07   5.96046448E-07   1.72853470E-06
        1381   7.15255737E-07   5.96046448E-08   1.78813934E-06
        1383   5.36441803E-07   2.98023224E-07   1.90734863E-06
        1385   2.38418579E-07   5.96046448E-08   5.96046448E-08
        1387   5.36441803E-07   3.57627869E-07   2.38418579E-07
        1389   9.53674316E-07   1.78813934E-07   7.74860382E-07
        1391   1.78813934E-07   1.78813934E-07   3.57627869E-07
        1393   5.36441803E-07   1.78813934E-07   4.17232513E-07
        1395   2.38418579E-07   7.74860382E-07   7.15255737E-07
        1397   1.19209290E-07   5.96046448E-08   1.19209290E-06
        1399   5.36441803E-07   1.78813934E-07   1.37090683E-06
        1401   2.38418579E-07   5.96046448E-07   7.74860382E-07
        1403   8.34465027E-07   1.19209290E-07   7.15255737E-07
        1405   7.74860382E-07   1.78813934E-07   2.38418579E-07
        1407   3.57627869E-07   1.78813934E-07   8.34465027E-07
        1409   4.17232513E-07   1.19209290E-07   1.66893005E-06
        1411   7.15255737E-07   8.94069672E-07   1.31130219E-06
        1413   5.36441803E-07   1.78813934E-07   8.34465027E-07
        1415   2.98023224E-07   5.96046448E-08   9.53674316E-07
        1417   5.96046448E-08   1.13248825E-06   7.15255737E-07
        1419   3.57627869E-07   3.57627869E-07   1.01327896E-06
        1421   3.57627869E-07   2.98023224E-07   7.74860382E-07
        1423   4.17232513E-07   8.34465027E-07   5.96046448E-07
        1425   7.74860382E-07   5.96046448E-07   1.07288361E-06
        1427   0.00000000       4.17232513E-07   5.36441803E-07
        1429   5.36441803E-07   5.96046448E-08   1.43051147E-06
        1431   5.96046448E-08   5.96046448E-08   1.07288361E-06
        1433   3.57627869E-07   5.36441803E-07   7.74860382E-07
        1435   4.17232513E-07   1.01327896E-06   1.66893005E-06
        1437   2.98023224E-07   8.94069672E-07   1.19209290E-06
        1439   7.74860382E-07   1.19209290E-07   9.53674316E-07
        1441   1.07288361E-06   2.98023224E-07   8.94069672E-07
        1443   2.98023224E-07   1.19209290E-07   1.54972076E-06
        1445   1.19209290E-07   5.96046448E-07   1.01327896E-06
        1447   4.76837158E-07   5.96046448E-08   1.07288361E-06
        1449   1.37090683E-06   5.96046448E-08   1.25169754E-06
        1451   5.96046448E-08   2.98023224E-07   1.90734863E-06
        1453   4.17232513E-07   4.17232513E-07   1.43051147E-06
        1455   3.57627869E-07   5.96046448E-08   2.38418579E-06
        1457   2.38418579E-07   3.57627869E-07   8.94069672E-07
        1459   2.98023224E-07   5.96046448E-08   7.74860382E-07
        1461   1.78813934E-07   1.19209290E-07   1.43051147E-06
        1463   3.57627869E-07   2.98023224E-07   2.38418579E-07
        1465   3.57627869E-07   1.19209290E-07   2.98023224E-07
        1467   1.19209290E-07   8.94069672E-07   8.94069672E-07
        1469   4.76837158E-07   5.36441803E-07   1.19209290E-07
        1471   5.96046448E-08   2.98023224E-07   4.17232513E-07
        1473   1.19209290E-07   1.78813934E-07   1.54972076E-06
        1475   0.00000000       1.78813934E-07   1.37090683E-06
        1477   1.19209290E-07   1.19209290E-07   8.94069672E-07
        1479   8.94069672E-07   8.34465027E-07   1.37090683E-06
        1481   9.53674316E-07   5.96046448E-08   1.72853470E-06
        1483   0.00000000       5.96046448E-08   8.94069672E-07
        1485   2.98023224E-07   4.17232513E-07   7.74860382E-07
        1487   5.96046448E-07   5.36441803E-07   1.13248825E-06
        1489   5.36441803E-07   8.34465027E-07   1.60932541E-06
        1491   8.94069672E-07   5.96046448E-07   5.96046448E-07
        1493   0.00000000       8.94069672E-07   2.38418579E-07
        1495   6.55651093E-07   2.98023224E-07   1.60932541E-06
        1497   1.19209290E-07   1.78813934E-07   1.01327896E-06
        1499   5.96046448E-08   1.19209290E-07   1.43051147E-06
        1501   5.96046448E-08   1.19209290E-07   8.94069672E-07
        1503   1.19209290E-07   3.57627869E-07   5.96046448E-08
        1505   8.34465027E-07   1.19209290E-07   1.78813934E-07
        1507   0.00000000       2.98023224E-07   5.36441803E-07
        1509   5.96046448E-08   6.55651093E-07   1.19209290E-06
        1511   1.78813934E-07   2.98023224E-07   2.98023224E-07
        1513   6.55651093E-07   1.19209290E-07   9.53674316E-07
        1515   5.36441803E-07   8.94069672E-07   1.37090683E-06
        1517   4.76837158E-07   7.74860382E-07   1.07288361E-06
        1519   4.17232513E-07   3.57627869E-07   8.34465027E-07
        1521   5.96046448E-08   7.74860382E-07   2.38418579E-06
        1523   1.78813934E-07   4.17232513E-07   4.17232513E-07
        1525   5.96046448E-08   4.17232513E-07   1.72853470E-06
        1527   1.78813934E-07   1.19209290E-07   5.96046448E-07
        1529   5.96046448E-08   5.96046448E-08   1.07288361E-06
        1531   4.17232513E-07   5.96046448E-08   6.55651093E-07
        1533   5.96046448E-08   1.78813934E-07   4.76837158E-07
        1535   4.76837158E-07   1.19209290E-07   9.53674316E-07
        1537   5.96046448E-08   5.36441803E-07   7.15255737E-07
        1539   9.53674316E-07   1.19209290E-07   8.34465027E-07
        1541   8.94069672E-07   8.94069672E-07   1.78813934E-07
        1543   9.53674316E-07   5.96046448E-08   3.57627869E-07
        1545   9.53674316E-07   2.98023224E-07   8.34465027E-07
        1547   5.96046448E-07   1.19209290E-07   9.53674316E-07
        1549   1.66893005E-06   6.55651093E-07   8.94069672E-07
        1551   1.19209290E-07   1.78813934E-07   9.53674316E-07
        1553   3.57627869E-07   5.96046448E-08   1.43051147E-06
        1555   2.98023224E-07   5.96046448E-08   5.96046448E-07
        1557   1.78813934E-07   1.78813934E-07   1.25169754E-06
        1559   1.78813934E-07   4.17232513E-07   1.54972076E-06
        1561   5.96046448E-08   6.55651093E-07   1.37090683E-06
        1563   3.57627869E-07   1.25169754E-06   1.01327896E-06
        1565   3.57627869E-07   3.57627869E-07   1.31130219E-06
        1567   2.38418579E-07   7.74860382E-07   1.07288361E-06
        1569   0.00000000       1.78813934E-07   9.53674316E-07
        1571   5.96046448E-08   1.78813934E-07   5.96046448E-07
        1573   5.96046448E-08   5.36441803E-07   1.19209290E-07
        1575   2.98023224E-07   1.78813934E-07   1.19209290E-06
        1577   4.76837158E-07   5.96046448E-08   1.13248825E-06
        1579   0.00000000       2.98023224E-07   8.34465027E-07
        1581   5.96046448E-08   5.36441803E-07   1.37090683E-06
        1583   3.57627869E-07   2.98023224E-07   7.15255737E-07
        1585   5.36441803E-07   2.98023224E-07   1.07288361E-06
        1587   5.96046448E-07   5.36441803E-07   6.55651093E-07
        1589   1.19209290E-07   5.96046448E-08   1.78813934E-06
        1591   1.19209290E-07   1.78813934E-07   6.55651093E-07
        1593   4.76837158E-07   5.96046448E-07   5.36441803E-07
        1595   2.98023224E-07   4.17232513E-07   7.74860382E-07
        1597   1.78813934E-07   3.57627869E-07   4.17232513E-07
        1599   2.38418579E-07   1.13248825E-06   1.25169754E-06
        1601   3.57627869E-07   4.17232513E-07   1.01327896E-06
        1603   2.38418579E-07   3.57627869E-07   1.13248825E-06
        1605   1.78813934E-07   6.55651093E-07   6.55651093E-07
        1607   3.57627869E-07   1.19209290E-07   2.98023224E-07
        1609   7.15255737E-07   1.78813934E-07   1.60932541E-06
        1611   1.07288361E-06   5.96046448E-08   9.53674316E-07
        1613   4.17232513E-07   1.78813934E-07   8.34465027E-07
        1615   5.96046448E-08   2.98023224E-07   8.94069672E-07
        1617   1.78813934E-07   3.57627869E-07   9.53674316E-07
        1619   1.78813934E-07   5.96046448E-07   5.96046448E-07
        1621   8.94069672E-07   5.96046448E-07   1.07288361E-06
        1623   5.36441803E-07   2.98023224E-07   7.74860382E-07
        1625   1.13248825E-06   5.96046448E-08   5.36441803E-07
        1627   8.94069672E-07   4.17232513E-07   5.36441803E-07
        1629   5.36441803E-07   1.19209290E-07   1.13248825E-06
        1631   1.19209290E-07   1.78813934E-07   1.19209290E-06
        1633   1.78813934E-07   1.19209290E-07   7.15255737E-07
        1635   1.13248825E-06   1.07288361E-06   1.60932541E-06
        1637   7.15255737E-07   2.98023224E-07   1.25169754E-06
        1639   1.78813934E-07   1.07288361E-06   2.38418579E-07
        1641   8.94069672E-07   4.17232513E-07   9.53674316E-07
        1643   1.78813934E-07   4.17232513E-07   6.55651093E-07
        1645   4.76837158E-07   5.96046448E-07   8.34465027E-07
        1647   4.76837158E-07   2.98023224E-07   1.90734863E-06
        1649   1.78813934E-07   5.96046448E-08   1.54972076E-06
        1651   1.78813934E-07   5.36441803E-07   6.55651093E-07
        1653   1.19209290E-07   5.96046448E-07   2.02655792E-06
        1655   5.96046448E-08   1.19209290E-07   2.98023224E-07
        1657   8.94069672E-07   1.19209290E-07   8.94069672E-07
        1659   6.55651093E-07   5.36441803E-07   1.78813934E-07
        1661   6.55651093E-07   1.19209290E-07   1.19209290E-07
        1663   0.00000000       2.98023224E-07   8.94069672E-07
        1665   4.76837158E-07   2.98023224E-07   8.34465027E-07
        1667   5.96046448E-07   8.94069672E-07   2.38418579E-07
        1669   1.78813934E-07   3.57627869E-07   4.17232513E-07
        1671   1.96695328E-06   1.37090683E-06   4.17232513E-07
        1673   1.43051147E-06   5.96046448E-07   3.57627869E-07
        1675   1.78813934E-07   5.96046448E-08   1.37090683E-06
        1677   2.38418579E-07   8.34465027E-07   1.54972076E-06
        1679   0.00000000       5.96046448E-08   3.57627869E-07
        1681   1.78813934E-07   1.13248825E-06   1.01327896E-06
        1683   1.78813934E-07   2.98023224E-07   8.94069672E-07
        1685   6.55651093E-07   8.94069672E-07   1.01327896E-06
        1687   0.00000000       1.78813934E-07   8.34465027E-07
        1689   2.38418579E-07   7.74860382E-07   1.13248825E-06
        1691   5.96046448E-08   5.96046448E-08   8.34465027E-07
        1693   5.96046448E-08   1.78813934E-07   6.55651093E-07
        1695   5.96046448E-08   1.78813934E-07   5.36441803E-07
        1697   3.57627869E-07   5.36441803E-07   3.57627869E-07
        1699   1.19209290E-07   5.96046448E-08   1.07288361E-06
        1701   5.96046448E-08   7.74860382E-07   1.78813934E-07
        1703   3.57627869E-07   5.96046448E-08   1.66893005E-06
        1705   2.38418579E-07   6.55651093E-07   8.34465027E-07
        1707   1.19209290E-07   5.96046448E-08   1.37090683E-06
        1709   1.78813934E-07   5.36441803E-07   1.13248825E-06
        1711   5.36441803E-07   4.17232513E-07   8.94069672E-07
        1713   5.96046448E-08   3.57627869E-07   6.55651093E-07
        1715   4.76837158E-07   4.17232513E-07   7.74860382E-07
        1717   5.96046448E-07   5.96046448E-08   7.15255737E-07
        1719   5.96046448E-08   5.96046448E-08   9.53674316E-07
        1721   4.17232513E-07   3.57627869E-07   4.76837158E-07
        1723   0.00000000       5.96046448E-08   1.49011612E-06
        1725   2.98023224E-07   5.96046448E-08   4.76837158E-07
        1727   1.19209290E-07   1.78813934E-07   9.53674316E-07
        1729   2.38418579E-07   1.78813934E-07   1.07288361E-06
        1731   5.96046448E-08   2.98023224E-07   1.07288361E-06
        1733   5.96046448E-08   6.55651093E-07   1.19209290E-07
        1735   5.96046448E-08   5.96046448E-08   1.01327896E-06
        1737   3.57627869E-07   6.55651093E-07   2.38418579E-07
        1739   5.36441803E-07   4.17232513E-07   1.01327896E-06
        1741   6.55651093E-07   1.78813934E-07   1.19209290E-07
        1743   0.00000000       4.17232513E-07   4.17232513E-07
        1745   4.17232513E-07   5.96046448E-08   1.13248825E-06
        1747   4.17232513E-07   3.57627869E-07   2.38418579E-07
        1749   1.78813934E-07   1.78813934E-07   9.53674316E-07
        1751   5.96046448E-08   2.98023224E-07   1.01327896E-06
        1753   3.57627869E-07   1.19209290E-07   1.49011612E-06
        1755   1.78813934E-07   8.94069672E-07   1.54972076E-06
        1757   5.96046448E-08   5.96046448E-08   1.07288361E-06
        1759   3.57627869E-07   1.78813934E-07   5.96046448E-07
        1761   8.34465027E-07   4.17232513E-07   9.53674316E-07
        1763   6.55651093E-07   1.78813934E-07   4.17232513E-07
        1765   4.17232513E-07   1.19209290E-07   4.76837158E-07
        1767   2.38418579E-07   4.17232513E-07   4.76837158E-07
        1769   3.57627869E-07   7.74860382E-07   7.74860382E-07
        1771   8.34465027E-07   3.57627869E-07   1.07288361E-06
        1773   2.38418579E-07   2.98023224E-07   6.55651093E-07
        1775   1.19209290E-07   1.07288361E-06   7.74860382E-07
        1777   4.76837158E-07   2.98023224E-07   1.01327896E-06
        1779   4.76837158E-07   1.19209290E-07   6.55651093E-07
        1781   8.94069672E-07   1.78813934E-07   5.36441803E-07
        1783   7.74860382E-07   4.17232513E-07   4.76837158E-07
        1785   5.96046448E-07   3.57627869E-07   2.98023224E-07
        1787   1.19209290E-07   1.78813934E-07   1.78813934E-07
        1789   5.96046448E-07   8.94069672E-07   4.17232513E-07
        1791   0.00000000       1.19209290E-07   1.49011612E-06
        1793   1.78813934E-07   5.36441803E-07   1.84774399E-06
        1795   2.38418579E-07   6.55651093E-07   1.31130219E-06
        1797   3.57627869E-07   1.78813934E-07   1.31130219E-06
        1799   2.38418579E-07   7.74860382E-07   7.74860382E-07
        1801   1.78813934E-07   8.34465027E-07   1.19209290E-06
        1803   5.36441803E-07   2.98023224E-07   1.37090683E-06
        1805   1.13248825E-06   1.78813934E-07   1.01327896E-06
        1807   0.00000000       5.36441803E-07   4.76837158E-07
        1809   1.01327896E-06   3.57627869E-07   4.76837158E-07
        1811   1.07288361E-06   3.57627869E-07   2.98023224E-07
        1813   4.76837158E-07   1.19209290E-07   7.15255737E-07
        1815   1.78813934E-07   1.78813934E-07   1.19209290E-07
        1817   8.94069672E-07   1.78813934E-07   3.57627869E-07
        1819   7.15255737E-07   8.94069672E-07   6.55651093E-07
        1821   3.57627869E-07   6.55651093E-07   1.19209290E-07
        1823   1.19209290E-07   2.98023224E-07   1.19209290E-06
        1825   5.96046448E-08   6.55651093E-07   6.55651093E-07
        1827   1.66893005E-06   5.96046448E-08   2.98023224E-07
        1829   0.00000000       1.19209290E-07   1.01327896E-06
        1831   6.55651093E-07   5.96046448E-08   2.98023224E-07
        1833   4.76837158E-07   5.96046448E-08   5.96046448E-08
        1835   0.00000000       1.19209290E-07   3.57627869E-07
        1837   1.19209290E-07   5.96046448E-08   5.96046448E-08
        1839   1.78813934E-07   2.98023224E-07   1.49011612E-06
        1841   1.78813934E-07   1.07288361E-06   1.78813934E-07
        1843   2.98023224E-07   3.57627869E-07   8.94069672E-07
        1845   6.55651093E-07   5.96046448E-08   1.37090683E-06
        1847   1.19209290E-07   1.78813934E-07   1.19209290E-07
        1849   4.76837158E-07   1.19209290E-07   8.34465027E-07
        1851   5.36441803E-07   5.96046448E-08   3.57627869E-07
        1853   3.57627869E-07   1.19209290E-07   1.19209290E-07
        1855   1.19209290E-07   1.78813934E-07   1.13248825E-06
        1857   0.00000000       3.57627869E-07   1.49011612E-06
        1859   3.57627869E-07   2.98023224E-07   1.43051147E-06
        1861   2.98023224E-07   5.96046448E-08   6.55651093E-07
        1863   4.76837158E-07   2.98023224E-07   4.76837158E-07
        1865   1.19209290E-07   5.96046448E-08   9.53674316E-07
        1867   2.98023224E-07   7.74860382E-07   1.72853470E-06
        1869   8.34465027E-07   2.98023224E-07   2.98023224E-07
        1871   0.00000000       5.96046448E-08   4.76837158E-07
        1873   5.96046448E-07   5.36441803E-07   5.96046448E-08
        1875   0.00000000       1.19209290E-07   4.76837158E-07
        1877   2.98023224E-07   5.36441803E-07   7.15255737E-07
        1879   2.98023224E-07   5.96046448E-08   1.25169754E-06
        1881   3.57627869E-07   1.78813934E-07   4.17232513E-07
        1883   2.38418579E-07   4.17232513E-07   1.31130219E-06
        1885   2.38418579E-07   5.96046448E-07   0.00000000    
        1887   1.78813934E-07   1.78813934E-07   1.78813934E-07
        1889   3.57627869E-07   7.74860382E-07   1.84774399E-06
        1891   5.96046448E-08   8.34465027E-07   1.72853470E-06
        1893   5.36441803E-07   6.55651093E-07   1.19209290E-07
        1895   7.74860382E-07   8.94069672E-07   1.37090683E-06
        1897   7.74860382E-07   1.78813934E-07   7.74860382E-07
        1899   4.76837158E-07   1.78813934E-07   5.96046448E-08
        1901   2.38418579E-07   5.96046448E-07   0.00000000    
        1903   4.17232513E-07   3.57627869E-07   4.17232513E-07
        1905   1.19209290E-07   1.01327896E-06   5.36441803E-07
        1907   1.19209290E-07   1.13248825E-06   2.98023224E-07
        1909   1.78813934E-07   4.17232513E-07   1.78813934E-07
        1911   5.96046448E-07   1.78813934E-07   1.54972076E-06
        1913   0.00000000       8.94069672E-07   6.55651093E-07
        1915   5.96046448E-08   3.57627869E-07   1.78813934E-07
        1917   1.25169754E-06   4.17232513E-07   5.36441803E-07
        1919   3.57627869E-07   8.34465027E-07   5.96046448E-07
        1921   4.17232513E-07   6.55651093E-07   7.15255737E-07
        1923   6.55651093E-07   5.96046448E-07   4.17232513E-07
        1925   3.57627869E-07   1.25169754E-06   4.76837158E-07
        1927   3.57627869E-07   1.54972076E-06   7.74860382E-07
        1929   7.15255737E-07   5.36441803E-07   1.78813934E-07
        1931   1.43051147E-06   4.17232513E-07   5.96046448E-07
        1933   2.38418579E-07   2.98023224E-07   2.98023224E-07
        1935   1.19209290E-07   3.57627869E-07   1.78813934E-07
        1937   4.17232513E-07   6.55651093E-07   1.19209290E-07
        1939   4.17232513E-07   1.19209290E-07   7.74860382E-07
        1941   8.34465027E-07   2.98023224E-07   1.01327896E-06
        1943   3.57627869E-07   5.96046448E-07   1.31130219E-06
        1945   1.01327896E-06   8.34465027E-07   5.96046448E-07
        1947   8.34465027E-07   2.98023224E-07   1.78813934E-06
        1949   4.17232513E-07   8.34465027E-07   1.19209290E-07
        1951   4.17232513E-07   1.78813934E-07   6.55651093E-07
        1953   0.00000000       8.34465027E-07   8.94069672E-07
        1955   8.34465027E-07   3.57627869E-07   2.38418579E-07
        1957   2.98023224E-07   5.96046448E-08   7.74860382E-07
        1959   2.38418579E-07   1.19209290E-07   1.54972076E-06
        1961   5.96046448E-07   7.74860382E-07   1.49011612E-06
        1963   4.17232513E-07   5.96046448E-07   4.76837158E-07
        1965   5.36441803E-07   7.74860382E-07   6.55651093E-07
        1967   1.19209290E-07   4.17232513E-07   5.36441803E-07
        1969   5.96046448E-07   1.19209290E-07   1.43051147E-06
        1971   1.01327896E-06   7.74860382E-07   7.74860382E-07
        1973   2.98023224E-07   1.01327896E-06   1.19209290E-07
        1975   4.76837158E-07   6.55651093E-07   2.38418579E-07
        1977   4.17232513E-07   5.96046448E-08   6.55651093E-07
        1979   5.96046448E-08   5.96046448E-08   7.15255737E-07
        1981   4.76837158E-07   4.17232513E-07   4.76837158E-07
        1983   2.38418579E-07   5.96046448E-08   4.17232513E-07
        1985   2.98023224E-07   5.96046448E-08   1.37090683E-06
        1987   2.38418579E-07   1.19209290E-07   8.34465027E-07
        1989   7.15255737E-07   5.96046448E-08   5.36441803E-07
        1991   1.43051147E-06   5.96046448E-08   4.76837158E-07
        1993   2.98023224E-07   5.96046448E-07   5.96046448E-08
        1995   1.13248825E-06   5.36441803E-07   5.96046448E-07
        1997   7.15255737E-07   6.55651093E-07   3.57627869E-07
        1999   1.66893005E-06   8.94069672E-07   2.98023224E-07
        2001   4.17232513E-07   1.37090683E-06   1.31130219E-06
