 Single Precision
  n     over   under
 -------------------
 2.0     128     150
 1.9     139     161
 1.8     151     176
 1.7     168     194
 1.6     189     219
 1.5     219     254
 1.4     264     306
 1.3     339     390
 1.2     487     561
 1.1     931    1065
 
 Double Precision
  n     over   under
 -------------------
 2.0    1024    1075
 1.9    1106    1160
 1.8    1208    1266
 1.7    1338    1403
 1.6    1511    1583
 1.5    1751    1835
 1.4    2110    2211
 1.3    2706    2834
 1.2    3894    4077
 1.1    7448    7792
 
 Integer
 -------------------
  2147483647 -2147483647
