 -0.713999
 -0.596025
 -0.546462
 -0.523580
 -0.512316
 -0.506542
 -0.503509
 -0.501894
 -0.501025
 -0.500556
 -0.500302
 -0.500164
 -0.500089
 -0.500049
 -0.500026
 -0.500014
 -0.500008
 -0.500004
 -0.500002
 -0.500001
 -0.500001
 -0.500000
 -0.500000
 -0.500000
 -0.500000
 -0.500000
 -0.500000
 -0.500000
 -0.500000
 -0.500000
 -0.500000
 -0.500000
 -0.500000
 -0.500000
 -0.500000
 -0.500000
 -0.500000
 -0.500000
 -0.500000
 -0.500000
 -0.500000
 -0.500000
 -0.500000
 -0.500000
 -0.500000
 -0.500000
 -0.500000
 -0.500000
 -0.500000
 -0.500000
 -0.500000
 -0.500000
 -0.500000
 -0.500000
 -0.500000
 -0.500000
 -0.500000
 -0.500000
 -0.500000
 -0.500000
 -0.500000
 -0.500000
 -0.500000
 -0.500000
 -0.500000
 -0.500000
 -0.500000
 -0.500000
 -0.500000
 -0.500000
 -0.500000
 -0.500000
 -0.500000
 -0.500000
 -0.500000
 -0.500000
 -0.500000
 -0.500000
 -0.500000
 -0.500000
 -0.500000
 -0.500000
 -0.500000
 -0.500000
 -0.500000
 -0.500000
 -0.500000
 -0.500000
 -0.500000
 -0.500000
 -0.500000
 -0.500000
 -0.500000
 -0.500000
 -0.500000
 -0.500000
 -0.500000
 -0.500000
 -0.500000
 -0.500000
 -0.500000
 -0.500000
 -0.500000
 -0.500000
 -0.500000
 -0.500000
 -0.500000
 -0.500000
 -0.500000
 -0.500000
 -0.500000
 -0.500000
 -0.500000
 -0.500000
 -0.500000
 -0.500000
 -0.500000
 -0.500000
 -0.500000
 -0.500000
 -0.500000
 -0.500000
 -0.500000
 -0.500000
 -0.500000
 -0.500000
 -0.500000
 -0.500000
 -0.500000
 -0.500000
 -0.500000
 -0.500000
 -0.500000
 -0.500000
 -0.500000
 -0.500000
 -0.500000
 -0.500000
 -0.500000
 -0.500000
 -0.500000
 -0.500000
 -0.500000
 -0.500000
 -0.500000
 -0.500000
 -0.500000
 -0.500000
 -0.500000
 -0.500000
 -0.500000
 -0.500000
 -0.500000
 -0.500000
 -0.500000
 -0.500000
 -0.500000
 -0.500000
 -0.500000
 -0.500000
 -0.500000
 -0.500000
 -0.500000
 -0.500000
 -0.500000
 -0.500000
 -0.500000
 -0.500000
 -0.500000
 -0.500000
 -0.500000
 -0.500000
 -0.500000
 -0.500000
 -0.500000
 -0.500000
 -0.500000
 -0.500000
 -0.500000
 -0.500000
 -0.500001
 -0.500001
 -0.500002
 -0.500004
 -0.500008
 -0.500014
 -0.500026
 -0.500049
 -0.500089
 -0.500164
 -0.500302
 -0.500556
 -0.501025
 -0.501894
 -0.503509
 -0.506542
 -0.512316
 -0.523580
 -0.546462
 -0.596025
 -0.713999
