  0.381684
  0.245912
  0.180262
  0.143181
  0.119609
  0.103296
  0.091304
  0.082090
  0.074773
  0.068811
  0.063853
  0.059662
  0.056068
  0.052952
  0.050223
  0.047811
  0.045665
  0.043742
  0.042009
  0.040440
  0.039011
  0.037705
  0.036507
  0.035404
  0.034386
  0.033442
  0.032566
  0.031750
  0.030988
  0.030276
  0.029609
  0.028983
  0.028394
  0.027840
  0.027317
  0.026823
  0.026355
  0.025913
  0.025494
  0.025096
  0.024718
  0.024359
  0.024017
  0.023692
  0.023382
  0.023086
  0.022804
  0.022535
  0.022277
  0.022031
  0.021796
  0.021571
  0.021356
  0.021150
  0.020952
  0.020763
  0.020582
  0.020409
  0.020242
  0.020083
  0.019930
  0.019784
  0.019644
  0.019509
  0.019380
  0.019257
  0.019139
  0.019026
  0.018918
  0.018814
  0.018715
  0.018620
  0.018530
  0.018444
  0.018362
  0.018284
  0.018209
  0.018139
  0.018071
  0.018008
  0.017948
  0.017891
  0.017838
  0.017787
  0.017740
  0.017696
  0.017656
  0.017618
  0.017583
  0.017551
  0.017522
  0.017496
  0.017473
  0.017452
  0.017434
  0.017419
  0.017407
  0.017398
  0.017391
  0.017387
  0.017385
  0.017387
  0.017391
  0.017398
  0.017407
  0.017419
  0.017434
  0.017452
  0.017473
  0.017496
  0.017522
  0.017551
  0.017583
  0.017618
  0.017656
  0.017696
  0.017740
  0.017787
  0.017838
  0.017891
  0.017948
  0.018008
  0.018071
  0.018139
  0.018209
  0.018284
  0.018362
  0.018444
  0.018530
  0.018620
  0.018715
  0.018814
  0.018918
  0.019026
  0.019139
  0.019257
  0.019380
  0.019509
  0.019644
  0.019784
  0.019930
  0.020083
  0.020242
  0.020409
  0.020582
  0.020763
  0.020952
  0.021150
  0.021356
  0.021571
  0.021796
  0.022031
  0.022277
  0.022535
  0.022804
  0.023086
  0.023382
  0.023692
  0.024017
  0.024359
  0.024718
  0.025096
  0.025494
  0.025913
  0.026355
  0.026823
  0.027317
  0.027840
  0.028394
  0.028983
  0.029609
  0.030276
  0.030988
  0.031750
  0.032566
  0.033442
  0.034386
  0.035404
  0.036507
  0.037705
  0.039011
  0.040440
  0.042009
  0.043742
  0.045665
  0.047811
  0.050223
  0.052952
  0.056068
  0.059662
  0.063853
  0.068811
  0.074773
  0.082090
  0.091304
  0.103296
  0.119609
  0.143181
  0.180262
  0.245912
  0.381684
