   0.0000000000000000                0           2   6.2831853071795862        1.0000000000000000     
   6.9813170079773182E-002           4           6   6.2850998094888988        1.0003047025060881     
  0.13962634015954636                8           7   6.2908497399809091        1.0012198323663262     
  0.20943951023931956               12           8   6.3004544311090038        1.0027484664362334     
  0.27925268031909273               16           8   6.3139463107545923        1.0048957657734297     
  0.34906585039886590               20           9   6.3313712173534027        1.0076690257915450     
  0.41887902047863906               24           9   6.3527888501100795        1.0110777479140969     
  0.48869219055841223               28          10   6.3782733637272999        1.0151337342285702     
  0.55850536063818546               32          10   6.4079141203478054        1.0198512071617076     
  0.62831853071795862               36          11   6.4418166151586496        1.0252469567940008     
  0.69813170079773179               40          14   6.4801035964968152        1.0313405191300369     
  0.76794487087750496               44          13   6.5229164065231506        1.0381543894733825     
  0.83775804095727813               48          13   6.5704165748499612        1.0457142760602915     
  0.90757121103705130               52          14   6.6227877052413753        1.0540494003373952     
  0.97738438111682446               56          14   6.6802377050783175        1.0631928517920732     
   1.0471975511965976               60          15   6.7430014192503833        1.0731820071493643     
   1.1170107212763709               64          15   6.8113437452493626        1.0840590261544996     
   1.1868238913561442               68          17   6.8855633254969950        1.0958714392251159     
   1.2566370614359175               72          17   6.9659969377070956        1.1086728461990900     
   1.3264502315156907               76          17   7.0530247362373668        1.1225237505215884     
   1.3962634015954640               80          20   7.1470765395400830        1.1374925599239223     
   1.4660765716752373               84          19   7.2486394146485038        1.1536567935320521     
   1.5358897417550106               88          20   7.3582668843746060        1.1711045472376185     
   1.6057029118347839               92          22   7.4765901841058495        1.1899362852727897     
   1.6755160819145571               96          23   7.6043321338546557        1.2102670480155089     
   1.7453292519943304              100          26   7.7423243840188878        1.2322291967375198     
   1.8151424220741037              104          26   7.8915290650985987        1.2559758592638055     
   1.8849555921538770              108          27   8.0530662608218737        1.2816853024563677     
   1.9547687622336503              112          35   8.2282492911894600        1.3095665476851868     
   2.0245819323134233              116          31   8.4186306339646393        1.3398666794603289     
   2.0943951023931966              120          33   8.6260625899985754        1.3728805006183507     
   2.1642082724729699              124          37   8.8527787799174966        1.4089635029229080     
   2.2340214425527432              128          37   9.1015057184467043        1.4485496246699452     
   2.3038346126325164              132          41   9.3756188977876516        1.4921760921286922     
   2.3736477827122897              136          52   9.6793666149565514        1.5405190427690016     
   2.4434609527920630              140          52   10.018200316006544        1.5944461011772295     
   2.5132741228718363              144          55   10.399278920244404        1.6550966447482449     
   2.5830872929516095              148          60   10.832270458361949        1.7240093883566150     
   2.6529004630313828              152          70   11.330690331672413        1.8033353749292116     
   2.7227136331111561              156          78   11.914275804725534        1.8962158876822379     
   2.7925268031909294              160         102   12.613541007551380        2.0075074012441281     
   2.8623399732707027              164         116   13.479472106673807        2.1453246160464605     
   2.9321531433504759              168         153   14.607423877914997        2.3248437160087545     
   3.0019663134302492              172         239   16.211032678197792        2.5800659833594253     
   3.0717794835100225              176         419   18.970869061115273        3.0193075858255995     
